NAME: teste_genetico
TYPE: TSP
COMMENT: TSP
DIMENSION: 7
EDGE_WEIGHT_TYPE: EXPLICIT
EDGE_WEIGHT_FORMAT: FULL_MATRIX
EDGE_WEIGHT_SECTION
0 277 68 372 417 328 272 
277 0 56 424 492 392 265 
68 56 0 110 219 445 128 
372 424 110 0 159 419 433 
417 492 219 159 0 175 408 
328 392 445 419 175 0 309 
272 265 128 433 408 309 0 
EOF
