NAME: TIC08-30-30-3
TYPE: TSP
COMMENT: TSP
DIMENSION: 14
EDGE_WEIGHT_TYPE: EXPLICIT
EDGE_WEIGHT_FORMAT: FULL_MATRIX
EDGE_WEIGHT_SECTION
0 443 311 288 159 463 72 284 417 336 263 54 141 334 
443 0 162 365 497 242 107 328 475 250 335 455 184 208 
311 162 0 374 217 257 406 95 494 313 439 402 457 342 
288 365 374 0 65 346 194 363 289 121 185 243 405 336 
159 497 217 65 0 412 371 312 252 188 227 445 144 390 
463 242 257 346 412 0 414 332 71 205 273 425 491 83 
72 107 406 194 371 414 0 489 68 484 296 341 266 379 
284 328 95 363 312 332 489 0 349 495 194 476 235 405 
417 475 494 289 252 71 68 349 0 449 491 84 470 428 
336 250 313 121 188 205 484 495 449 0 271 147 185 164 
263 335 439 185 227 273 296 194 491 271 0 73 190 129 
54 455 402 243 445 425 341 476 84 147 73 0 397 166 
141 184 457 405 144 491 266 235 470 185 190 397 0 393 
334 208 342 336 390 83 379 405 428 164 129 166 393 0 
EOF
