NAME: TIC04-50-50-3
TYPE: TSP
COMMENT: TSP
DIMENSION: 28
EDGE_WEIGHT_TYPE: EXPLICIT
EDGE_WEIGHT_FORMAT: FULL_MATRIX
EDGE_WEIGHT_SECTION
0 427 233 176 323 485 128 290 383 140 428 141 247 334 396 223 286 410 93 417 113 152 305 234 458 460 370 470 
427 0 317 85 388 258 134 340 498 159 314 425 332 434 289 387 455 350 271 243 209 76 243 314 125 81 248 254 
233 317 0 59 166 335 477 295 266 357 104 359 238 467 359 264 441 417 61 82 50 75 410 409 274 390 121 358 
176 85 59 0 299 339 222 105 469 219 187 247 394 365 418 146 439 112 320 490 247 188 157 473 457 138 314 220 
323 388 166 299 0 483 411 213 167 419 108 468 205 179 149 431 496 334 105 245 394 435 266 247 73 468 158 483 
485 258 335 339 483 0 152 404 214 282 292 85 499 417 405 156 87 135 148 223 58 394 163 73 483 295 159 170 
128 134 477 222 411 152 0 393 122 391 356 269 321 415 140 383 244 74 134 68 160 163 252 426 317 271 396 111 
290 340 295 105 213 404 393 0 202 60 287 368 472 151 139 393 350 160 422 463 59 67 467 494 164 288 119 332 
383 498 266 469 167 214 122 202 0 360 241 379 327 196 53 382 208 87 113 456 265 168 299 123 409 316 155 206 
140 159 357 219 419 282 391 60 360 0 373 205 305 396 270 163 262 316 209 459 200 199 361 131 250 474 378 383 
428 314 104 187 108 292 356 287 241 373 0 463 152 241 136 443 376 202 431 93 462 51 313 189 365 320 274 55 
141 425 359 247 468 85 269 368 379 205 463 0 469 151 299 492 340 457 321 229 442 312 315 479 451 295 113 237 
247 332 238 394 205 499 321 472 327 305 152 469 0 364 297 343 203 168 198 107 255 198 457 160 302 272 414 295 
334 434 467 365 179 417 415 151 196 396 241 151 364 0 482 140 420 57 132 436 492 118 54 259 113 128 382 88 
396 289 359 418 149 405 140 139 53 270 136 299 297 482 0 169 223 130 424 169 388 486 148 478 412 481 124 369 
223 387 264 146 431 156 383 393 382 163 443 492 343 140 169 0 245 338 100 438 149 92 406 262 227 120 416 280 
286 455 441 439 496 87 244 350 208 262 376 340 203 420 223 245 0 87 210 451 75 236 331 361 226 51 197 454 
410 350 417 112 334 135 74 160 87 316 202 457 168 57 130 338 87 0 426 175 468 255 225 338 226 136 292 364 
93 271 61 320 105 148 134 422 113 209 431 321 198 132 424 100 210 426 0 470 271 69 63 218 203 94 446 231 
417 243 82 490 245 223 68 463 456 459 93 229 107 436 169 438 451 175 470 0 484 305 201 131 307 325 191 476 
113 209 50 247 394 58 160 59 265 200 462 442 255 492 388 149 75 468 271 484 0 187 220 94 446 331 79 295 
152 76 75 188 435 394 163 67 168 199 51 312 198 118 486 92 236 255 69 305 187 0 414 160 85 287 469 223 
305 243 410 157 266 163 252 467 299 361 313 315 457 54 148 406 331 225 63 201 220 414 0 170 152 241 260 405 
234 314 409 473 247 73 426 494 123 131 189 479 160 259 478 262 361 338 218 131 94 160 170 0 133 456 180 159 
458 125 274 457 73 483 317 164 409 250 365 451 302 113 412 227 226 226 203 307 446 85 152 133 0 129 439 322 
460 81 390 138 468 295 271 288 316 474 320 295 272 128 481 120 51 136 94 325 331 287 241 456 129 0 408 297 
370 248 121 314 158 159 396 119 155 378 274 113 414 382 124 416 197 292 446 191 79 469 260 180 439 408 0 442 
470 254 358 220 483 170 111 332 206 383 55 237 295 88 369 280 454 364 231 476 295 223 405 159 322 297 442 0 
EOF
