NAME: TIC08-40-40-3
TYPE: TSP
COMMENT: TSP
DIMENSION: 20
EDGE_WEIGHT_TYPE: EXPLICIT
EDGE_WEIGHT_FORMAT: FULL_MATRIX
EDGE_WEIGHT_SECTION
0 473 495 472 257 261 490 341 224 359 461 401 248 226 167 403 475 308 486 307 
473 0 302 265 449 209 277 270 81 461 388 374 470 131 247 376 493 223 354 241 
495 302 0 327 337 383 246 102 244 218 204 316 455 230 374 362 135 131 91 485 
472 265 327 0 177 330 340 162 459 245 317 355 376 141 398 471 112 438 176 161 
257 449 337 177 0 148 144 350 439 180 135 180 321 124 352 387 116 316 177 233 
261 209 383 330 148 0 308 271 388 494 67 310 150 413 51 339 146 210 122 75 
490 277 246 340 144 308 0 386 69 319 113 429 288 72 64 400 168 438 263 458 
341 270 102 162 350 271 386 0 244 358 50 87 437 53 203 402 163 272 395 146 
224 81 244 459 439 388 69 244 0 146 347 373 290 229 474 336 84 379 81 132 
359 461 218 245 180 494 319 358 146 0 226 292 83 58 308 145 181 347 383 277 
461 388 204 317 135 67 113 50 347 226 0 274 392 197 343 84 362 477 349 61 
401 374 316 355 180 310 429 87 373 292 274 0 64 428 85 80 243 449 179 56 
248 470 455 376 321 150 288 437 290 83 392 64 0 193 182 444 314 230 272 442 
226 131 230 141 124 413 72 53 229 58 197 428 193 0 450 193 349 332 85 51 
167 247 374 398 352 51 64 203 474 308 343 85 182 450 0 384 321 113 244 397 
403 376 362 471 387 339 400 402 336 145 84 80 444 193 384 0 263 276 405 371 
475 493 135 112 116 146 168 163 84 181 362 243 314 349 321 263 0 252 335 277 
308 223 131 438 316 210 438 272 379 347 477 449 230 332 113 276 252 0 262 64 
486 354 91 176 177 122 263 395 81 383 349 179 272 85 244 405 335 262 0 387 
307 241 485 161 233 75 458 146 132 277 61 56 442 51 397 371 277 64 387 0 
EOF
