NAME: TIC04-30-30-3
TYPE: TSP
COMMENT: TSP
DIMENSION: 15
EDGE_WEIGHT_TYPE: EXPLICIT
EDGE_WEIGHT_FORMAT: FULL_MATRIX
EDGE_WEIGHT_SECTION
0 434 464 376 137 432 296 362 337 458 399 418 150 298 338 
434 0 132 330 86 237 212 413 75 151 415 359 270 279 361 
464 132 0 94 342 163 295 252 241 454 95 418 336 103 469 
376 330 94 0 395 152 491 487 88 166 105 395 167 360 354 
137 86 342 395 0 335 254 221 469 496 230 162 240 229 274 
432 237 163 152 335 0 466 147 184 277 367 220 159 216 150 
296 212 295 491 254 466 0 78 69 272 346 156 154 261 293 
362 413 252 487 221 147 78 0 171 168 355 193 391 323 361 
337 75 241 88 469 184 69 171 0 342 375 310 429 169 125 
458 151 454 166 496 277 272 168 342 0 268 110 55 344 115 
399 415 95 105 230 367 346 355 375 268 0 495 455 252 165 
418 359 418 395 162 220 156 193 310 110 495 0 317 102 164 
150 270 336 167 240 159 154 391 429 55 455 317 0 60 312 
298 279 103 360 229 216 261 323 169 344 252 102 60 0 159 
338 361 469 354 274 150 293 361 125 115 165 164 312 159 0 
EOF
