NAME: TIC11-40-40-4
TYPE: TSP
COMMENT: TSP
DIMENSION: 23
EDGE_WEIGHT_TYPE: EXPLICIT
EDGE_WEIGHT_FORMAT: FULL_MATRIX
EDGE_WEIGHT_SECTION
0 111 463 189 215 165 399 216 55 186 355 62 91 117 309 247 327 195 146 175 375 230 66 
111 0 89 361 306 439 258 494 221 137 361 309 493 134 176 485 407 129 214 172 321 231 489 
463 89 0 489 371 97 111 361 123 250 62 123 191 409 270 363 170 176 380 68 190 481 128 
189 361 489 0 133 412 436 124 140 71 466 203 436 62 434 170 199 53 332 368 57 189 149 
215 306 371 133 0 198 286 365 348 464 266 177 357 454 453 374 369 480 447 118 178 308 157 
165 439 97 412 198 0 471 273 409 386 499 110 73 381 119 66 232 106 176 262 380 364 92 
399 258 111 436 286 471 0 357 194 242 86 399 135 493 245 458 190 211 110 163 384 279 220 
216 494 361 124 365 273 357 0 419 193 382 82 267 195 174 103 441 226 423 361 366 391 98 
55 221 123 140 348 409 194 419 0 267 204 411 374 262 394 213 113 451 406 188 280 425 137 
186 137 250 71 464 386 242 193 267 0 100 413 346 99 313 410 399 289 451 51 81 322 52 
355 361 62 466 266 499 86 382 204 100 0 150 91 111 259 412 334 228 225 436 213 460 365 
62 309 123 203 177 110 399 82 411 413 150 0 496 421 93 438 165 491 367 185 399 218 244 
91 493 191 436 357 73 135 267 374 346 91 496 0 380 68 491 408 81 472 327 409 485 326 
117 134 409 62 454 381 493 195 262 99 111 421 380 0 360 332 174 351 185 453 159 288 224 
309 176 270 434 453 119 245 174 394 313 259 93 68 360 0 180 436 369 479 248 423 459 244 
247 485 363 170 374 66 458 103 213 410 412 438 491 332 180 0 298 96 129 404 171 309 368 
327 407 170 199 369 232 190 441 113 399 334 165 408 174 436 298 0 287 75 349 74 339 135 
195 129 176 53 480 106 211 226 451 289 228 491 81 351 369 96 287 0 68 203 145 188 240 
146 214 380 332 447 176 110 423 406 451 225 367 472 185 479 129 75 68 0 211 144 110 194 
175 172 68 368 118 262 163 361 188 51 436 185 327 453 248 404 349 203 211 0 244 112 406 
375 321 190 57 178 380 384 366 280 81 213 399 409 159 423 171 74 145 144 244 0 245 215 
230 231 481 189 308 364 279 391 425 322 460 218 485 288 459 309 339 188 110 112 245 0 101 
66 489 128 149 157 92 220 98 137 52 365 244 326 224 244 368 135 240 194 406 215 101 0 
EOF
