NAME: TIC11-50-50-4
TYPE: TSP
COMMENT: TSP
DIMENSION: 23
EDGE_WEIGHT_TYPE: EXPLICIT
EDGE_WEIGHT_FORMAT: FULL_MATRIX
EDGE_WEIGHT_SECTION
0 419 466 249 462 235 292 257 266 394 496 475 460 327 337 478 190 125 105 227 88 298 208 
419 0 100 399 77 425 209 173 126 157 64 97 407 292 415 294 138 308 65 298 315 281 247 
466 100 0 335 420 497 339 286 337 429 391 284 473 438 463 379 387 380 447 147 172 490 258 
249 399 335 0 290 57 135 82 87 111 348 199 68 426 262 407 335 483 114 462 79 316 151 
462 77 420 290 0 437 221 194 371 366 297 397 145 303 295 152 222 485 376 167 365 67 451 
235 425 497 57 437 0 181 161 463 356 125 350 153 73 75 104 174 249 206 235 77 393 419 
292 209 339 135 221 181 0 338 134 491 344 277 266 424 487 91 74 457 426 302 494 186 430 
257 173 286 82 194 161 338 0 218 355 291 226 89 281 188 68 213 387 385 329 81 100 423 
266 126 337 87 371 463 134 218 0 276 131 205 119 65 179 97 170 93 87 160 401 269 488 
394 157 429 111 366 356 491 355 276 0 323 445 376 298 297 198 94 252 80 262 385 450 321 
496 64 391 348 297 125 344 291 131 323 0 326 154 317 158 59 171 472 350 154 297 107 366 
475 97 284 199 397 350 277 226 205 445 326 0 183 455 358 494 266 325 254 150 104 161 448 
460 407 473 68 145 153 266 89 119 376 154 183 0 209 282 390 112 161 333 86 287 91 99 
327 292 438 426 303 73 424 281 65 298 317 455 209 0 236 495 389 65 215 460 215 487 130 
337 415 463 262 295 75 487 188 179 297 158 358 282 236 0 421 354 419 75 418 373 111 461 
478 294 379 407 152 104 91 68 97 198 59 494 390 495 421 0 187 250 402 164 498 371 61 
190 138 387 335 222 174 74 213 170 94 171 266 112 389 354 187 0 358 372 52 473 102 477 
125 308 380 483 485 249 457 387 93 252 472 325 161 65 419 250 358 0 154 188 152 151 391 
105 65 447 114 376 206 426 385 87 80 350 254 333 215 75 402 372 154 0 276 167 467 266 
227 298 147 462 167 235 302 329 160 262 154 150 86 460 418 164 52 188 276 0 416 484 125 
88 315 172 79 365 77 494 81 401 385 297 104 287 215 373 498 473 152 167 416 0 392 146 
298 281 490 316 67 393 186 100 269 450 107 161 91 487 111 371 102 151 467 484 392 0 319 
208 247 258 151 451 419 430 423 488 321 366 448 99 130 461 61 477 391 266 125 146 319 0 
EOF
