NAME: TIC16-30-30-4
TYPE: TSP
COMMENT: TSP
DIMENSION: 17
EDGE_WEIGHT_TYPE: EXPLICIT
EDGE_WEIGHT_FORMAT: FULL_MATRIX
EDGE_WEIGHT_SECTION
0 451 349 458 393 420 145 243 125 344 242 230 133 235 185 98 322 
451 0 98 497 274 150 343 259 462 487 175 98 165 419 218 367 345 
349 98 0 239 377 225 370 339 130 135 197 397 197 146 447 427 253 
458 497 239 0 468 93 332 346 361 169 439 461 58 465 309 358 483 
393 274 377 468 0 150 425 457 233 296 226 105 227 191 281 438 64 
420 150 225 93 150 0 230 87 367 249 469 94 173 344 96 165 112 
145 343 370 332 425 230 0 81 336 75 500 89 455 377 95 323 447 
243 259 339 346 457 87 81 0 383 62 154 110 99 478 389 337 410 
125 462 130 361 233 367 336 383 0 139 115 200 99 266 450 133 129 
344 487 135 169 296 249 75 62 139 0 187 296 139 269 291 379 224 
242 175 197 439 226 469 500 154 115 187 0 178 481 498 435 404 59 
230 98 397 461 105 94 89 110 200 296 178 0 129 343 231 246 257 
133 165 197 58 227 173 455 99 99 139 481 129 0 216 50 56 216 
235 419 146 465 191 344 377 478 266 269 498 343 216 0 316 70 222 
185 218 447 309 281 96 95 389 450 291 435 231 50 316 0 236 219 
98 367 427 358 438 165 323 337 133 379 404 246 56 70 236 0 280 
322 345 253 483 64 112 447 410 129 224 59 257 216 222 219 280 0 
EOF
