NAME: TIC20-20-20-4
TYPE: TSP
COMMENT: TSP
DIMENSION: 11
EDGE_WEIGHT_TYPE: EXPLICIT
EDGE_WEIGHT_FORMAT: FULL_MATRIX
EDGE_WEIGHT_SECTION
0 423 88 61 282 415 264 208 253 472 421 
423 0 57 274 64 267 282 106 232 450 51 
88 57 0 420 393 276 182 329 290 146 179 
61 274 420 0 291 186 363 143 414 302 250 
282 64 393 291 0 102 196 184 379 169 158 
415 267 276 186 102 0 309 206 113 173 116 
264 282 182 363 196 309 0 418 336 284 262 
208 106 329 143 184 206 418 0 368 432 471 
253 232 290 414 379 113 336 368 0 334 302 
472 450 146 302 169 173 284 432 334 0 449 
421 51 179 250 158 116 262 471 302 449 0 
EOF
