NAME: TIC37-30-30-4
TYPE: TSP
COMMENT: TSP
DIMENSION: 17
EDGE_WEIGHT_TYPE: EXPLICIT
EDGE_WEIGHT_FORMAT: FULL_MATRIX
EDGE_WEIGHT_SECTION
0 193 495 462 350 415 315 327 109 91 182 412 92 351 297 281 128 
193 0 415 201 394 398 441 247 337 488 93 123 498 169 406 283 366 
495 415 0 246 209 339 431 444 403 441 300 193 422 430 238 416 205 
462 201 246 0 393 356 176 469 476 187 326 165 491 334 497 425 233 
350 394 209 393 0 300 176 386 198 353 201 437 258 473 439 158 91 
415 398 339 356 300 0 231 142 150 349 191 261 451 59 291 234 210 
315 441 431 176 176 231 0 311 152 160 426 491 113 64 495 179 365 
327 247 444 469 386 142 311 0 358 298 77 244 421 160 358 338 114 
109 337 403 476 198 150 152 358 0 399 359 391 67 239 409 283 372 
91 488 441 187 353 349 160 298 399 0 346 478 494 388 401 424 406 
182 93 300 326 201 191 426 77 359 346 0 221 130 360 208 449 209 
412 123 193 165 437 261 491 244 391 478 221 0 179 267 242 50 304 
92 498 422 491 258 451 113 421 67 494 130 179 0 281 413 449 202 
351 169 430 334 473 59 64 160 239 388 360 267 281 0 224 222 119 
297 406 238 497 439 291 495 358 409 401 208 242 413 224 0 339 228 
281 283 416 425 158 234 179 338 283 424 449 50 449 222 339 0 443 
128 366 205 233 91 210 365 114 372 406 209 304 202 119 228 443 0 
EOF
