NAME: TIC40-50-50-4
TYPE: TSP
COMMENT: TSP
DIMENSION: 29
EDGE_WEIGHT_TYPE: EXPLICIT
EDGE_WEIGHT_FORMAT: FULL_MATRIX
EDGE_WEIGHT_SECTION
0 487 329 159 330 272 117 90 125 95 274 124 254 138 478 115 217 185 337 108 62 200 482 281 68 124 374 489 79 
487 0 199 432 151 394 90 323 252 230 476 198 337 455 239 494 358 133 388 137 83 292 177 392 500 50 94 199 218 
329 199 0 332 210 280 326 125 137 258 179 412 402 496 101 483 97 79 55 144 194 88 434 65 247 146 474 346 115 
159 432 332 0 187 243 333 298 244 89 210 94 364 261 317 82 57 118 458 337 358 497 155 154 374 454 78 368 449 
330 151 210 187 0 124 147 76 97 170 202 223 150 456 87 124 99 332 442 101 376 453 113 341 64 209 165 275 398 
272 394 280 243 124 0 290 493 83 273 87 170 249 117 484 159 325 330 122 190 291 277 326 151 188 136 281 494 479 
117 90 326 333 147 290 0 116 430 405 399 474 426 259 92 362 140 260 102 193 51 189 216 363 339 487 157 280 416 
90 323 125 298 76 493 116 0 448 310 379 479 81 203 497 56 345 179 113 391 55 343 358 168 78 182 433 306 83 
125 252 137 244 97 83 430 448 0 179 106 204 378 362 86 229 412 188 453 380 197 438 322 369 353 418 117 172 61 
95 230 258 89 170 273 405 310 179 0 360 444 391 194 126 265 270 460 189 249 316 310 186 491 275 380 186 159 476 
274 476 179 210 202 87 399 379 106 360 0 298 473 198 242 90 367 491 88 183 468 57 272 487 388 102 479 381 496 
124 198 412 94 223 170 474 479 204 444 298 0 453 231 348 121 259 129 122 419 489 174 219 223 111 184 178 220 428 
254 337 402 364 150 249 426 81 378 391 473 453 0 408 439 416 334 131 126 276 241 182 154 251 54 496 207 190 218 
138 455 496 261 456 117 259 203 362 194 198 231 408 0 153 97 254 326 496 392 339 109 277 497 301 345 476 262 87 
478 239 101 317 87 484 92 497 86 126 242 348 439 153 0 138 471 369 363 252 59 245 80 468 225 160 281 410 470 
115 494 483 82 124 159 362 56 229 265 90 121 416 97 138 0 182 317 102 186 298 195 82 432 164 74 400 366 156 
217 358 97 57 99 325 140 345 412 270 367 259 334 254 471 182 0 182 340 392 366 205 320 302 50 332 409 94 495 
185 133 79 118 332 330 260 179 188 460 491 129 131 326 369 317 182 0 387 479 92 428 401 418 368 438 455 467 223 
337 388 55 458 442 122 102 113 453 189 88 122 126 496 363 102 340 387 0 423 185 141 50 232 322 340 365 315 405 
108 137 144 337 101 190 193 391 380 249 183 419 276 392 252 186 392 479 423 0 381 238 102 52 423 81 284 454 372 
62 83 194 358 376 291 51 55 197 316 468 489 241 339 59 298 366 92 185 381 0 162 174 445 400 142 414 397 420 
200 292 88 497 453 277 189 343 438 310 57 174 182 109 245 195 205 428 141 238 162 0 263 231 155 298 120 398 114 
482 177 434 155 113 326 216 358 322 186 272 219 154 277 80 82 320 401 50 102 174 263 0 51 112 437 466 272 257 
281 392 65 154 341 151 363 168 369 491 487 223 251 497 468 432 302 418 232 52 445 231 51 0 102 202 311 395 338 
68 500 247 374 64 188 339 78 353 275 388 111 54 301 225 164 50 368 322 423 400 155 112 102 0 111 129 63 68 
124 50 146 454 209 136 487 182 418 380 102 184 496 345 160 74 332 438 340 81 142 298 437 202 111 0 326 291 411 
374 94 474 78 165 281 157 433 117 186 479 178 207 476 281 400 409 455 365 284 414 120 466 311 129 326 0 211 157 
489 199 346 368 275 494 280 306 172 159 381 220 190 262 410 366 94 467 315 454 397 398 272 395 63 291 211 0 445 
79 218 115 449 398 479 416 83 61 476 496 428 218 87 470 156 495 223 405 372 420 114 257 338 68 411 157 445 0 
EOF
