NAME: TIC47-20-20-3
TYPE: TSP
COMMENT: TSP
DIMENSION: 13
EDGE_WEIGHT_TYPE: EXPLICIT
EDGE_WEIGHT_FORMAT: FULL_MATRIX
EDGE_WEIGHT_SECTION
0 179 383 451 326 149 131 341 483 412 325 117 142 
179 0 220 425 232 465 179 490 444 338 143 217 158 
383 220 0 434 464 302 312 160 190 331 479 459 299 
451 425 434 0 148 327 179 478 345 272 493 168 131 
326 232 464 148 0 211 427 105 265 168 112 89 223 
149 465 302 327 211 0 154 157 338 64 290 290 110 
131 179 312 179 427 154 0 308 252 201 419 73 174 
341 490 160 478 105 157 308 0 341 321 166 499 441 
483 444 190 345 265 338 252 341 0 459 159 407 287 
412 338 331 272 168 64 201 321 459 0 417 391 263 
325 143 479 493 112 290 419 166 159 417 0 69 246 
117 217 459 168 89 290 73 499 407 391 69 0 326 
142 158 299 131 223 110 174 441 287 263 246 326 0 
EOF
