NAME: TIC48-20-20-3
TYPE: TSP
COMMENT: TSP
DIMENSION: 13
EDGE_WEIGHT_TYPE: EXPLICIT
EDGE_WEIGHT_FORMAT: FULL_MATRIX
EDGE_WEIGHT_SECTION
0 419 477 402 471 249 308 338 412 252 197 233 170 
419 0 81 328 81 302 379 231 109 378 408 355 455 
477 81 0 351 85 364 287 472 488 334 299 177 366 
402 328 351 0 426 239 248 401 428 324 293 91 364 
471 81 85 426 0 206 332 343 422 206 51 456 134 
249 302 364 239 206 0 341 451 370 294 223 395 317 
308 379 287 248 332 341 0 212 453 77 354 240 185 
338 231 472 401 343 451 212 0 437 258 466 385 252 
412 109 488 428 422 370 453 437 0 246 53 81 155 
252 378 334 324 206 294 77 258 246 0 200 262 460 
197 408 299 293 51 223 354 466 53 200 0 389 84 
233 355 177 91 456 395 240 385 81 262 389 0 262 
170 455 366 364 134 317 185 252 155 460 84 262 0 
EOF
