NAME: TIC44-30-30-3
TYPE: TSP
COMMENT: TSP
DIMENSION: 17
EDGE_WEIGHT_TYPE: EXPLICIT
EDGE_WEIGHT_FORMAT: FULL_MATRIX
EDGE_WEIGHT_SECTION
0 60 61 369 462 106 324 141 104 96 209 142 204 104 436 246 62 
60 0 179 167 149 218 371 156 237 175 207 149 482 471 382 333 418 
61 179 0 448 189 296 433 154 450 402 257 283 388 364 124 460 392 
369 167 448 0 342 133 197 348 298 214 275 391 248 262 70 127 324 
462 149 189 342 0 463 335 244 115 179 278 470 272 387 93 105 490 
106 218 296 133 463 0 371 238 120 165 309 203 403 147 331 163 319 
324 371 433 197 335 371 0 496 234 191 102 229 420 202 194 243 464 
141 156 154 348 244 238 496 0 99 100 307 135 369 328 168 119 203 
104 237 450 298 115 120 234 99 0 388 295 245 452 150 439 337 476 
96 175 402 214 179 165 191 100 388 0 393 261 471 77 304 449 297 
209 207 257 275 278 309 102 307 295 393 0 207 140 150 416 101 405 
142 149 283 391 470 203 229 135 245 261 207 0 155 238 256 123 481 
204 482 388 248 272 403 420 369 452 471 140 155 0 270 211 378 110 
104 471 364 262 387 147 202 328 150 77 150 238 270 0 275 56 387 
436 382 124 70 93 331 194 168 439 304 416 256 211 275 0 200 482 
246 333 460 127 105 163 243 119 337 449 101 123 378 56 200 0 398 
62 418 392 324 490 319 464 203 476 297 405 481 110 387 482 398 0 
EOF
