NAME: TIC46-30-30-3
TYPE: TSP
COMMENT: TSP
DIMENSION: 16
EDGE_WEIGHT_TYPE: EXPLICIT
EDGE_WEIGHT_FORMAT: FULL_MATRIX
EDGE_WEIGHT_SECTION
0 183 97 406 175 277 311 448 199 362 334 83 71 372 213 153 
183 0 358 243 82 89 155 145 241 156 303 372 163 445 353 370 
97 358 0 366 474 249 314 259 334 238 289 477 383 257 77 126 
406 243 366 0 233 349 500 391 183 194 164 438 498 186 264 128 
175 82 474 233 0 364 419 82 175 248 203 312 302 319 56 426 
277 89 249 349 364 0 454 201 193 448 486 302 149 74 462 281 
311 155 314 500 419 454 0 216 468 193 132 273 163 449 194 205 
448 145 259 391 82 201 216 0 50 200 100 90 247 341 324 436 
199 241 334 183 175 193 468 50 0 306 230 238 215 295 222 239 
362 156 238 194 248 448 193 200 306 0 191 88 143 383 160 423 
334 303 289 164 203 486 132 100 230 191 0 239 91 116 232 185 
83 372 477 438 312 302 273 90 238 88 239 0 247 291 482 219 
71 163 383 498 302 149 163 247 215 143 91 247 0 129 340 286 
372 445 257 186 319 74 449 341 295 383 116 291 129 0 427 142 
213 353 77 264 56 462 194 324 222 160 232 482 340 427 0 53 
153 370 126 128 426 281 205 436 239 423 185 219 286 142 53 0 
EOF
