NAME: TIC40-40-40-4
TYPE: TSP
COMMENT: TSP
DIMENSION: 22
EDGE_WEIGHT_TYPE: EXPLICIT
EDGE_WEIGHT_FORMAT: FULL_MATRIX
EDGE_WEIGHT_SECTION
0 111 238 442 466 411 455 115 178 295 406 257 348 485 371 386 494 343 279 371 262 450 
111 0 492 276 270 472 437 155 144 217 118 271 261 159 51 371 145 362 420 407 90 251 
238 492 0 50 263 126 400 282 246 381 397 203 105 494 163 352 367 322 320 468 378 213 
442 276 50 0 193 87 257 149 365 242 254 498 233 417 445 325 323 284 412 401 388 452 
466 270 263 193 0 258 206 172 126 337 397 260 310 385 239 386 109 431 314 396 113 105 
411 472 126 87 258 0 327 471 106 242 131 293 293 281 433 449 143 453 395 282 72 463 
455 437 400 257 206 327 0 363 361 464 236 309 465 479 157 221 458 261 318 264 212 345 
115 155 282 149 172 471 363 0 352 263 442 267 316 224 80 191 383 250 126 496 354 428 
178 144 246 365 126 106 361 352 0 264 301 240 78 486 497 304 404 150 131 254 84 372 
295 217 381 242 337 242 464 263 264 0 341 372 91 121 420 248 201 177 299 310 239 268 
406 118 397 254 397 131 236 442 301 341 0 105 331 258 368 152 197 266 204 319 94 482 
257 271 203 498 260 293 309 267 240 372 105 0 278 61 360 52 392 364 142 94 128 219 
348 261 105 233 310 293 465 316 78 91 331 278 0 216 219 494 405 459 396 492 102 428 
485 159 494 417 385 281 479 224 486 121 258 61 216 0 426 253 389 61 66 91 331 126 
371 51 163 445 239 433 157 80 497 420 368 360 219 426 0 146 63 149 244 110 365 397 
386 371 352 325 386 449 221 191 304 248 152 52 494 253 146 0 351 410 154 345 291 405 
494 145 367 323 109 143 458 383 404 201 197 392 405 389 63 351 0 77 338 357 221 411 
343 362 322 284 431 453 261 250 150 177 266 364 459 61 149 410 77 0 177 389 230 231 
279 420 320 412 314 395 318 126 131 299 204 142 396 66 244 154 338 177 0 317 416 185 
371 407 468 401 396 282 264 496 254 310 319 94 492 91 110 345 357 389 317 0 52 152 
262 90 378 388 113 72 212 354 84 239 94 128 102 331 365 291 221 230 416 52 0 180 
450 251 213 452 105 463 345 428 372 268 482 219 428 126 397 405 411 231 185 152 180 0 
EOF
