NAME: TIC44-40-40-3
TYPE: TSP
COMMENT: TSP
DIMENSION: 19
EDGE_WEIGHT_TYPE: EXPLICIT
EDGE_WEIGHT_FORMAT: FULL_MATRIX
EDGE_WEIGHT_SECTION
0 469 387 91 440 96 342 263 315 360 117 426 395 465 379 349 258 131 481 
469 0 448 222 413 331 379 419 160 380 324 154 205 332 330 207 461 295 343 
387 448 0 231 140 424 312 292 86 54 372 432 67 158 466 409 261 251 392 
91 222 231 0 287 145 484 184 309 216 57 315 174 58 66 179 398 319 474 
440 413 140 287 0 264 88 247 491 101 280 307 425 99 369 122 155 476 245 
96 331 424 145 264 0 450 395 248 375 352 186 76 238 347 140 213 240 444 
342 379 312 484 88 450 0 124 499 213 400 204 161 105 287 115 197 375 429 
263 419 292 184 247 395 124 0 224 477 459 458 438 353 112 278 82 144 451 
315 160 86 309 491 248 499 224 0 56 322 368 414 475 85 394 358 54 261 
360 380 54 216 101 375 213 477 56 0 162 114 56 330 224 150 367 97 327 
117 324 372 57 280 352 400 459 322 162 0 168 226 322 102 105 422 497 81 
426 154 432 315 307 186 204 458 368 114 168 0 465 450 240 130 284 203 418 
395 205 67 174 425 76 161 438 414 56 226 465 0 369 375 251 128 355 97 
465 332 158 58 99 238 105 353 475 330 322 450 369 0 223 459 166 403 471 
379 330 466 66 369 347 287 112 85 224 102 240 375 223 0 272 277 379 133 
349 207 409 179 122 140 115 278 394 150 105 130 251 459 272 0 438 413 167 
258 461 261 398 155 213 197 82 358 367 422 284 128 166 277 438 0 492 378 
131 295 251 319 476 240 375 144 54 97 497 203 355 403 379 413 492 0 151 
481 343 392 474 245 444 429 451 261 327 81 418 97 471 133 167 378 151 0 
EOF
