NAME: TIC45-50-50-3
TYPE: TSP
COMMENT: TSP
DIMENSION: 29
EDGE_WEIGHT_TYPE: EXPLICIT
EDGE_WEIGHT_FORMAT: FULL_MATRIX
EDGE_WEIGHT_SECTION
0 476 357 336 291 104 496 340 369 394 422 452 442 405 159 142 267 220 145 307 295 91 83 138 228 61 124 452 418 
476 0 67 183 276 389 418 216 468 210 361 133 319 316 225 489 399 474 327 454 171 182 339 161 186 99 76 479 204 
357 67 0 233 278 428 493 254 231 473 98 67 293 167 118 130 280 433 248 353 469 267 79 403 342 409 170 422 146 
336 183 233 0 472 253 152 247 269 468 360 415 276 300 81 465 367 243 436 379 497 182 270 244 177 399 446 211 304 
291 276 278 472 0 434 148 55 185 288 75 410 218 188 324 424 81 235 257 397 324 192 343 261 378 385 211 295 375 
104 389 428 253 434 0 108 493 177 319 288 251 96 213 124 114 190 331 75 411 466 130 365 335 114 471 455 425 443 
496 418 493 152 148 108 0 332 235 450 300 463 120 436 385 151 483 185 80 477 308 98 163 308 275 88 291 328 67 
340 216 254 247 55 493 332 0 258 113 405 130 180 371 186 278 224 341 317 76 446 414 263 394 222 444 155 54 232 
369 468 231 269 185 177 235 258 0 226 65 436 393 214 202 278 56 86 398 426 123 66 439 129 113 359 263 308 51 
394 210 473 468 288 319 450 113 226 0 273 465 491 189 60 197 58 403 336 214 200 388 252 265 193 222 432 446 194 
422 361 98 360 75 288 300 405 65 273 0 399 362 274 57 405 75 130 153 475 173 363 314 78 188 406 374 373 82 
452 133 67 415 410 251 463 130 436 465 399 0 371 125 490 204 464 80 382 427 415 172 76 359 74 356 492 312 489 
442 319 293 276 218 96 120 180 393 491 362 371 0 411 277 177 402 97 463 71 197 370 289 248 148 293 152 265 427 
405 316 167 300 188 213 436 371 214 189 274 125 411 0 488 355 120 245 268 277 393 96 374 441 397 141 439 230 145 
159 225 118 81 324 124 385 186 202 60 57 490 277 488 0 448 119 93 361 337 105 434 424 443 154 479 181 401 386 
142 489 130 465 424 114 151 278 278 197 405 204 177 355 448 0 341 250 331 214 75 346 136 398 357 399 448 129 301 
267 399 280 367 81 190 483 224 56 58 75 464 402 120 119 341 0 489 469 91 447 189 416 227 113 423 64 250 153 
220 474 433 243 235 331 185 341 86 403 130 80 97 245 93 250 489 0 282 486 103 325 263 214 312 315 289 258 328 
145 327 248 436 257 75 80 317 398 336 153 382 463 268 361 331 469 282 0 463 120 65 146 279 475 419 425 217 271 
307 454 353 379 397 411 477 76 426 214 475 427 71 277 337 214 91 486 463 0 338 464 97 397 367 319 451 324 477 
295 171 469 497 324 466 308 446 123 200 173 415 197 393 105 75 447 103 120 338 0 108 358 326 274 241 238 359 194 
91 182 267 182 192 130 98 414 66 388 363 172 370 96 434 346 189 325 65 464 108 0 137 193 405 477 75 65 415 
83 339 79 270 343 365 163 263 439 252 314 76 289 374 424 136 416 263 146 97 358 137 0 310 50 162 432 301 342 
138 161 403 244 261 335 308 394 129 265 78 359 248 441 443 398 227 214 279 397 326 193 310 0 89 64 312 321 288 
228 186 342 177 378 114 275 222 113 193 188 74 148 397 154 357 113 312 475 367 274 405 50 89 0 122 359 381 317 
61 99 409 399 385 471 88 444 359 222 406 356 293 141 479 399 423 315 419 319 241 477 162 64 122 0 383 205 239 
124 76 170 446 211 455 291 155 263 432 374 492 152 439 181 448 64 289 425 451 238 75 432 312 359 383 0 374 208 
452 479 422 211 295 425 328 54 308 446 373 312 265 230 401 129 250 258 217 324 359 65 301 321 381 205 374 0 249 
418 204 146 304 375 443 67 232 51 194 82 489 427 145 386 301 153 328 271 477 194 415 342 288 317 239 208 249 0 
EOF
