NAME: TIC52-40-40-4
TYPE: TSP
COMMENT: TSP
DIMENSION: 19
EDGE_WEIGHT_TYPE: EXPLICIT
EDGE_WEIGHT_FORMAT: FULL_MATRIX
EDGE_WEIGHT_SECTION
0 299 434 215 364 311 458 95 470 135 229 116 103 128 230 105 373 440 74 
299 0 283 74 139 157 331 316 144 221 327 493 283 280 353 97 131 306 114 
434 283 0 264 396 323 301 247 382 165 60 62 229 297 56 447 350 473 337 
215 74 264 0 396 57 256 199 331 348 257 159 55 240 234 151 201 275 83 
364 139 396 396 0 80 104 55 442 173 266 310 151 242 130 393 317 429 75 
311 157 323 57 80 0 364 486 100 270 349 214 196 68 447 154 331 428 374 
458 331 301 256 104 364 0 158 294 110 374 427 229 137 475 151 329 264 63 
95 316 247 199 55 486 158 0 296 456 355 85 60 428 343 265 352 294 488 
470 144 382 331 442 100 294 296 0 361 436 337 408 263 327 73 60 394 278 
135 221 165 348 173 270 110 456 361 0 311 186 383 271 82 431 62 131 92 
229 327 60 257 266 349 374 355 436 311 0 285 193 343 87 167 379 61 240 
116 493 62 159 310 214 427 85 337 186 285 0 351 253 133 326 53 311 369 
103 283 229 55 151 196 229 60 408 383 193 351 0 136 403 152 263 480 373 
128 280 297 240 242 68 137 428 263 271 343 253 136 0 372 69 497 152 74 
230 353 56 234 130 447 475 343 327 82 87 133 403 372 0 263 483 271 486 
105 97 447 151 393 154 151 265 73 431 167 326 152 69 263 0 376 325 440 
373 131 350 201 317 331 329 352 60 62 379 53 263 497 483 376 0 309 79 
440 306 473 275 429 428 264 294 394 131 61 311 480 152 271 325 309 0 236 
74 114 337 83 75 374 63 488 278 92 240 369 373 74 486 440 79 236 0 
EOF
