NAME: TIC58-50-50-4
TYPE: TSP
COMMENT: TSP
DIMENSION: 25
EDGE_WEIGHT_TYPE: EXPLICIT
EDGE_WEIGHT_FORMAT: FULL_MATRIX
EDGE_WEIGHT_SECTION
0 218 85 65 209 171 248 383 239 132 98 238 108 308 361 365 214 462 363 247 183 150 108 179 225 
218 0 338 266 252 281 121 208 468 432 402 88 414 74 335 208 390 147 302 268 52 130 420 203 116 
85 338 0 63 110 335 59 117 79 457 89 61 474 371 237 108 235 130 149 98 496 449 335 196 310 
65 266 63 0 322 281 432 191 453 462 119 269 412 227 112 278 287 251 186 124 436 352 401 145 109 
209 252 110 322 0 276 94 52 356 329 423 303 58 423 160 278 89 328 85 149 84 188 364 350 195 
171 281 335 281 276 0 484 215 310 342 141 479 219 326 144 392 154 86 323 217 360 238 185 322 365 
248 121 59 432 94 484 0 312 379 52 498 348 498 404 344 91 424 491 304 222 173 214 400 193 378 
383 208 117 191 52 215 312 0 212 472 268 174 193 96 265 114 346 388 409 249 96 124 268 355 424 
239 468 79 453 356 310 379 212 0 359 453 158 443 163 467 193 208 315 393 413 321 423 313 335 400 
132 432 457 462 329 342 52 472 359 0 444 444 308 159 465 384 485 239 271 98 161 149 178 390 212 
98 402 89 119 423 141 498 268 453 444 0 72 60 470 453 172 236 366 152 349 245 327 218 217 233 
238 88 61 269 303 479 348 174 158 444 72 0 99 403 187 338 321 346 58 263 272 137 72 166 487 
108 414 474 412 58 219 498 193 443 308 60 99 0 385 269 81 127 409 181 215 327 461 472 267 178 
308 74 371 227 423 326 404 96 163 159 470 403 385 0 327 51 266 392 266 422 79 163 109 414 382 
361 335 237 112 160 144 344 265 467 465 453 187 269 327 0 146 68 397 357 213 194 224 478 415 214 
365 208 108 278 278 392 91 114 193 384 172 338 81 51 146 0 311 321 436 87 408 344 349 103 278 
214 390 235 287 89 154 424 346 208 485 236 321 127 266 68 311 0 211 101 205 162 316 181 187 448 
462 147 130 251 328 86 491 388 315 239 366 346 409 392 397 321 211 0 384 349 114 459 490 271 479 
363 302 149 186 85 323 304 409 393 271 152 58 181 266 357 436 101 384 0 165 422 420 64 165 344 
247 268 98 124 149 217 222 249 413 98 349 263 215 422 213 87 205 349 165 0 233 108 497 121 207 
183 52 496 436 84 360 173 96 321 161 245 272 327 79 194 408 162 114 422 233 0 368 368 245 473 
150 130 449 352 188 238 214 124 423 149 327 137 461 163 224 344 316 459 420 108 368 0 65 445 134 
108 420 335 401 364 185 400 268 313 178 218 72 472 109 478 349 181 490 64 497 368 65 0 214 119 
179 203 196 145 350 322 193 355 335 390 217 166 267 414 415 103 187 271 165 121 245 445 214 0 264 
225 116 310 109 195 365 378 424 400 212 233 487 178 382 214 278 448 479 344 207 473 134 119 264 0 
EOF
