NAME: TIC53-50-50-4
TYPE: TSP
COMMENT: TSP
DIMENSION: 23
EDGE_WEIGHT_TYPE: EXPLICIT
EDGE_WEIGHT_FORMAT: FULL_MATRIX
EDGE_WEIGHT_SECTION
0 406 133 125 289 329 163 111 434 153 116 276 492 390 366 167 119 162 274 147 54 350 63 
406 0 296 201 454 106 107 74 384 122 127 315 156 407 274 329 112 408 118 321 229 459 205 
133 296 0 462 225 174 254 446 91 307 258 305 275 176 222 467 185 103 61 425 65 78 171 
125 201 462 0 423 427 425 253 229 332 408 481 498 83 473 440 496 480 212 226 309 463 142 
289 454 225 423 0 290 329 463 87 268 239 420 469 427 252 482 334 274 51 167 364 234 211 
329 106 174 427 290 0 439 402 96 199 374 257 99 156 73 102 344 338 233 222 104 92 404 
163 107 254 425 329 439 0 182 209 446 219 55 102 182 249 347 228 303 430 433 364 383 406 
111 74 446 253 463 402 182 0 417 263 158 486 340 385 437 415 372 168 215 225 427 450 249 
434 384 91 229 87 96 209 417 0 185 480 90 193 122 211 86 127 104 79 201 187 147 275 
153 122 307 332 268 199 446 263 185 0 495 221 460 58 219 227 117 367 257 425 217 423 297 
116 127 258 408 239 374 219 158 480 495 0 146 266 82 161 418 477 359 128 390 363 340 348 
276 315 305 481 420 257 55 486 90 221 146 0 257 374 407 201 154 258 58 383 50 302 280 
492 156 275 498 469 99 102 340 193 460 266 257 0 462 277 107 174 401 306 454 258 496 111 
390 407 176 83 427 156 182 385 122 58 82 374 462 0 455 178 458 361 185 128 332 318 485 
366 274 222 473 252 73 249 437 211 219 161 407 277 455 0 303 418 332 384 319 162 341 228 
167 329 467 440 482 102 347 415 86 227 418 201 107 178 303 0 196 478 452 355 434 56 474 
119 112 185 496 334 344 228 372 127 117 477 154 174 458 418 196 0 75 103 424 258 476 403 
162 408 103 480 274 338 303 168 104 367 359 258 401 361 332 478 75 0 131 283 460 86 398 
274 118 61 212 51 233 430 215 79 257 128 58 306 185 384 452 103 131 0 236 492 421 88 
147 321 425 226 167 222 433 225 201 425 390 383 454 128 319 355 424 283 236 0 263 202 129 
54 229 65 309 364 104 364 427 187 217 363 50 258 332 162 434 258 460 492 263 0 119 360 
350 459 78 463 234 92 383 450 147 423 340 302 496 318 341 56 476 86 421 202 119 0 242 
63 205 171 142 211 404 406 249 275 297 348 280 111 485 228 474 403 398 88 129 360 242 0 
EOF
