NAME: TIC58-40-40-4
TYPE: TSP
COMMENT: TSP
DIMENSION: 22
EDGE_WEIGHT_TYPE: EXPLICIT
EDGE_WEIGHT_FORMAT: FULL_MATRIX
EDGE_WEIGHT_SECTION
0 467 300 272 136 56 198 200 247 196 493 276 313 218 114 233 351 197 323 497 102 83 
467 0 474 207 135 393 201 258 444 449 257 161 117 129 321 296 278 62 157 283 147 96 
300 474 0 217 78 339 201 345 151 489 458 238 257 254 214 89 408 395 63 345 312 111 
272 207 217 0 290 251 239 233 178 439 280 303 444 105 86 332 299 349 278 333 278 394 
136 135 78 290 0 264 160 461 81 240 191 231 297 86 123 158 81 338 499 355 270 204 
56 393 339 251 264 0 497 329 403 369 346 105 476 168 393 231 492 125 141 402 311 255 
198 201 201 239 160 497 0 488 134 429 316 277 280 112 95 81 228 235 480 174 445 246 
200 258 345 233 461 329 488 0 351 101 159 154 126 480 302 218 446 343 92 467 233 491 
247 444 151 178 81 403 134 351 0 414 179 197 205 290 66 430 389 110 238 445 266 414 
196 449 489 439 240 369 429 101 414 0 240 156 274 236 281 412 338 357 329 347 240 340 
493 257 458 280 191 346 316 159 179 240 0 119 432 273 89 462 167 173 248 128 436 346 
276 161 238 303 231 105 277 154 197 156 119 0 119 69 369 333 227 92 250 347 381 267 
313 117 257 444 297 476 280 126 205 274 432 119 0 421 218 213 356 301 439 98 227 319 
218 129 254 105 86 168 112 480 290 236 273 69 421 0 89 339 222 150 416 126 479 321 
114 321 214 86 123 393 95 302 66 281 89 369 218 89 0 338 360 263 365 322 105 236 
233 296 89 332 158 231 81 218 430 412 462 333 213 339 338 0 118 302 67 167 297 258 
351 278 408 299 81 492 228 446 389 338 167 227 356 222 360 118 0 70 217 422 299 422 
197 62 395 349 338 125 235 343 110 357 173 92 301 150 263 302 70 0 172 280 436 183 
323 157 63 278 499 141 480 92 238 329 248 250 439 416 365 67 217 172 0 207 492 96 
497 283 345 333 355 402 174 467 445 347 128 347 98 126 322 167 422 280 207 0 177 302 
102 147 312 278 270 311 445 233 266 240 436 381 227 479 105 297 299 436 492 177 0 307 
83 96 111 394 204 255 246 491 414 340 346 267 319 321 236 258 422 183 96 302 307 0 
EOF
