NAME: TIC59-50-50-4
TYPE: TSP
COMMENT: TSP
DIMENSION: 25
EDGE_WEIGHT_TYPE: EXPLICIT
EDGE_WEIGHT_FORMAT: FULL_MATRIX
EDGE_WEIGHT_SECTION
0 263 162 285 308 100 70 102 265 313 452 82 263 114 294 470 431 473 245 189 224 129 497 232 349 
263 0 239 251 467 414 384 462 252 298 247 217 457 81 114 265 495 355 400 223 169 486 217 270 483 
162 239 0 182 378 468 345 341 60 252 483 233 306 227 486 300 347 98 257 128 209 286 142 177 473 
285 251 182 0 64 487 347 290 240 469 468 260 318 393 333 95 392 500 55 57 214 208 85 295 115 
308 467 378 64 0 480 400 161 192 389 252 405 438 74 348 212 395 335 240 126 50 168 236 316 172 
100 414 468 487 480 0 84 318 401 101 413 489 286 429 195 97 192 303 396 287 136 362 200 89 271 
70 384 345 347 400 84 0 471 296 263 93 358 337 430 362 298 337 463 349 489 440 444 125 442 445 
102 462 341 290 161 318 471 0 167 321 171 175 337 115 332 435 315 352 491 328 399 498 422 461 143 
265 252 60 240 192 401 296 167 0 467 231 474 310 436 267 68 333 287 361 102 472 120 234 262 442 
313 298 252 469 389 101 263 321 467 0 371 194 446 278 161 280 417 127 500 207 186 233 323 478 323 
452 247 483 468 252 413 93 171 231 371 0 354 349 381 331 93 136 130 429 104 470 437 483 310 197 
82 217 233 260 405 489 358 175 474 194 354 0 421 343 285 475 299 225 93 224 118 405 417 218 229 
263 457 306 318 438 286 337 337 310 446 349 421 0 150 456 251 425 445 63 352 260 481 341 200 154 
114 81 227 393 74 429 430 115 436 278 381 343 150 0 385 75 386 235 149 369 349 318 398 310 174 
294 114 486 333 348 195 362 332 267 161 331 285 456 385 0 138 123 411 130 366 251 443 498 77 126 
470 265 300 95 212 97 298 435 68 280 93 475 251 75 138 0 112 289 448 55 358 62 180 269 233 
431 495 347 392 395 192 337 315 333 417 136 299 425 386 123 112 0 453 156 226 226 64 110 55 57 
473 355 98 500 335 303 463 352 287 127 130 225 445 235 411 289 453 0 207 410 187 152 198 236 171 
245 400 257 55 240 396 349 491 361 500 429 93 63 149 130 448 156 207 0 311 211 385 266 440 429 
189 223 128 57 126 287 489 328 102 207 104 224 352 369 366 55 226 410 311 0 151 72 292 477 467 
224 169 209 214 50 136 440 399 472 186 470 118 260 349 251 358 226 187 211 151 0 189 285 127 86 
129 486 286 208 168 362 444 498 120 233 437 405 481 318 443 62 64 152 385 72 189 0 208 452 375 
497 217 142 85 236 200 125 422 234 323 483 417 341 398 498 180 110 198 266 292 285 208 0 107 252 
232 270 177 295 316 89 442 461 262 478 310 218 200 310 77 269 55 236 440 477 127 452 107 0 182 
349 483 473 115 172 271 445 143 442 323 197 229 154 174 126 233 57 171 429 467 86 375 252 182 0 
EOF
