NAME: TIC55-20-20-4
TYPE: TSP
COMMENT: TSP
DIMENSION: 13
EDGE_WEIGHT_TYPE: EXPLICIT
EDGE_WEIGHT_FORMAT: FULL_MATRIX
EDGE_WEIGHT_SECTION
0 500 315 175 439 129 419 288 362 440 208 404 215 
500 0 445 320 67 143 162 417 343 187 293 245 296 
315 445 0 211 391 164 259 465 226 406 426 93 497 
175 320 211 0 380 169 242 148 341 246 132 122 112 
439 67 391 380 0 494 212 493 186 244 487 451 136 
129 143 164 169 494 0 462 59 208 469 407 155 379 
419 162 259 242 212 462 0 250 475 447 228 464 246 
288 417 465 148 493 59 250 0 368 406 201 452 99 
362 343 226 341 186 208 475 368 0 496 198 473 427 
440 187 406 246 244 469 447 406 496 0 258 390 304 
208 293 426 132 487 407 228 201 198 258 0 411 348 
404 245 93 122 451 155 464 452 473 390 411 0 425 
215 296 497 112 136 379 246 99 427 304 348 425 0 
EOF
