NAME: TIC53-50-50-4
TYPE: TSP
COMMENT: TSP
DIMENSION: 18
EDGE_WEIGHT_TYPE: EXPLICIT
EDGE_WEIGHT_FORMAT: FULL_MATRIX
EDGE_WEIGHT_SECTION
0 94 249 274 163 147 63 153 110 366 326 133 434 492 303 240 198 474 
94 0 119 140 180 296 380 398 346 181 401 253 306 354 312 411 275 117 
249 119 0 256 170 145 210 470 52 55 171 105 158 100 469 416 366 381 
274 140 256 0 430 236 88 257 99 384 141 61 79 306 357 392 478 370 
163 180 170 430 0 433 406 446 130 249 325 254 209 102 314 75 112 239 
147 296 145 236 433 0 129 425 112 319 465 425 201 454 226 472 494 298 
63 380 210 88 406 129 0 297 242 228 468 171 275 111 305 93 310 200 
153 398 470 257 446 425 297 0 289 219 360 307 185 460 74 123 372 494 
110 346 52 99 130 112 242 289 0 469 208 268 288 359 420 261 355 78 
366 181 55 384 249 319 228 219 469 0 294 222 211 277 468 257 466 336 
326 401 171 141 325 465 468 360 208 294 0 317 343 275 441 423 127 190 
133 253 105 61 254 425 171 307 268 222 317 0 91 275 273 442 336 164 
434 306 158 79 209 201 275 185 288 211 343 91 0 193 181 497 98 298 
492 354 100 306 102 454 111 460 359 277 275 275 193 0 221 464 141 144 
303 312 469 357 314 226 305 74 420 468 441 273 181 221 0 308 387 306 
240 411 416 392 75 472 93 123 261 257 423 442 497 464 308 0 133 364 
198 275 366 478 112 494 310 372 355 466 127 336 98 141 387 133 0 165 
474 117 381 370 239 298 200 494 78 336 190 164 298 144 306 364 165 0 
EOF
