NAME: TIC56-20-20-4
TYPE: TSP
COMMENT: TSP
DIMENSION: 10
EDGE_WEIGHT_TYPE: EXPLICIT
EDGE_WEIGHT_FORMAT: FULL_MATRIX
EDGE_WEIGHT_SECTION
0 97 352 138 442 63 474 193 258 321 
97 0 400 478 271 374 438 191 193 347 
352 400 0 440 340 486 102 301 324 348 
138 478 440 0 277 363 117 321 356 157 
442 271 340 277 0 418 66 301 264 306 
63 374 486 363 418 0 266 383 299 389 
474 438 102 117 66 266 0 265 330 467 
193 191 301 321 301 383 265 0 358 291 
258 193 324 356 264 299 330 358 0 65 
321 347 348 157 306 389 467 291 65 0 
EOF
