NAME: TIC60-30-30-4
TYPE: TSP
COMMENT: TSP
DIMENSION: 16
EDGE_WEIGHT_TYPE: EXPLICIT
EDGE_WEIGHT_FORMAT: FULL_MATRIX
EDGE_WEIGHT_SECTION
0 240 239 367 238 453 94 171 357 404 160 63 265 219 391 278 
240 0 176 55 108 349 118 263 116 362 264 259 471 323 84 428 
239 176 0 71 419 92 400 271 363 475 250 52 486 192 140 403 
367 55 71 0 276 379 353 88 104 89 185 380 214 268 449 458 
238 108 419 276 0 395 161 228 265 450 55 461 397 496 489 73 
453 349 92 379 395 0 500 159 353 299 489 141 237 343 406 265 
94 118 400 353 161 500 0 163 96 259 75 374 423 428 444 117 
171 263 271 88 228 159 163 0 319 500 456 460 357 233 194 230 
357 116 363 104 265 353 96 319 0 433 401 223 301 154 66 434 
404 362 475 89 450 299 259 500 433 0 86 185 238 213 162 407 
160 264 250 185 55 489 75 456 401 86 0 86 390 89 407 207 
63 259 52 380 461 141 374 460 223 185 86 0 263 300 229 290 
265 471 486 214 397 237 423 357 301 238 390 263 0 456 196 181 
219 323 192 268 496 343 428 233 154 213 89 300 456 0 427 58 
391 84 140 449 489 406 444 194 66 162 407 229 196 427 0 114 
278 428 403 458 73 265 117 230 434 407 207 290 181 58 114 0 
EOF
