50 50 3

0 289 417 195 74 220 177 208 500 376 392 447 207 249 111 399 479 304 126 318 210 135 247 424 429 398 97 387 386 222 226 381 140 487 158 316 353 416 468 79 457 136 348 227 249 160 70 115 409 289 
289 0 238 281 218 396 287 238 370 422 394 217 143 108 288 483 183 297 137 318 427 276 311 194 157 330 183 213 108 389 489 54 416 399 284 330 126 339 91 364 171 54 91 134 156 80 68 171 85 270 
417 238 0 476 394 360 459 263 457 442 407 120 480 453 336 366 172 225 335 88 494 245 441 245 197 422 240 67 485 131 94 163 325 452 120 83 152 277 362 365 400 203 350 390 401 123 257 282 94 155 
195 281 476 0 73 302 111 127 289 477 106 447 355 91 251 396 266 407 206 273 440 224 287 307 389 449 111 447 325 314 322 181 272 191 284 298 70 441 229 58 471 125 66 237 97 130 349 355 445 72 
74 218 394 73 0 314 437 430 287 201 456 216 119 467 54 231 225 478 113 270 354 313 303 175 244 396 204 468 202 204 119 326 448 369 380 473 284 472 283 108 93 144 323 253 306 161 89 88 433 76 
220 396 360 302 314 0 145 450 401 161 343 197 180 322 394 424 129 356 159 375 204 144 61 477 298 102 325 115 405 115 359 440 264 176 240 297 380 189 250 242 375 394 363 490 183 141 356 56 467 257 
177 287 459 111 437 145 0 50 190 128 409 160 466 329 164 348 270 254 155 242 277 401 303 244 219 354 216 336 342 138 476 490 468 145 483 499 110 478 139 163 454 315 66 427 180 465 54 335 180 197 
208 238 263 127 430 450 50 0 67 60 370 211 197 137 147 272 118 456 187 162 348 184 376 276 190 325 484 207 148 356 392 57 455 169 437 462 133 58 329 388 177 313 351 253 180 111 133 122 338 116 
500 370 457 289 287 401 190 67 0 414 287 434 397 475 373 391 243 246 306 61 376 199 118 82 221 416 246 176 372 470 203 331 301 493 264 452 74 237 259 197 182 215 112 327 397 289 379 112 429 296 
376 422 442 477 201 161 128 60 414 0 171 60 135 252 469 376 368 337 73 220 117 397 187 197 119 50 164 246 163 187 331 400 367 351 495 71 183 262 136 226 165 159 364 421 51 170 464 360 235 242 
392 394 407 106 456 343 409 370 287 171 0 352 296 415 216 307 197 263 428 116 66 371 217 86 385 213 136 238 190 210 361 94 499 318 489 90 413 242 480 210 58 493 120 429 80 133 331 475 120 120 
447 217 120 447 216 197 160 211 434 60 352 0 291 422 52 234 418 186 211 383 454 359 100 474 235 160 298 98 285 97 340 398 198 61 205 143 331 182 488 308 126 318 277 113 365 349 458 325 388 352 
207 143 480 355 119 180 466 197 397 135 296 291 0 174 190 351 290 187 338 330 385 323 138 190 245 54 469 436 497 300 247 446 313 346 73 439 331 411 171 216 283 421 50 130 434 73 330 476 233 145 
249 108 453 91 467 322 329 137 475 252 415 422 174 0 364 58 199 478 287 193 334 364 392 95 362 138 167 434 386 350 165 291 496 235 373 366 342 95 155 476 384 463 201 404 319 430 440 94 339 200 
111 288 336 251 54 394 164 147 373 469 216 52 190 364 0 355 108 248 222 226 493 299 363 485 185 300 214 213 473 88 347 62 418 323 192 330 77 59 330 484 240 282 60 393 102 109 171 267 428 279 
399 483 366 396 231 424 348 272 391 376 307 234 351 58 355 0 360 165 134 372 365 384 232 199 471 433 225 71 94 296 96 292 311 385 210 307 477 497 456 378 239 62 412 142 279 94 417 162 53 84 
479 183 172 266 225 129 270 118 243 368 197 418 290 199 108 360 0 160 463 349 310 275 499 177 394 207 86 438 321 235 410 337 332 281 326 442 445 445 356 101 463 50 394 199 263 236 392 184 471 81 
304 297 225 407 478 356 254 456 246 337 263 186 187 478 248 165 160 0 128 290 367 282 253 309 89 392 80 388 162 267 349 423 340 187 481 223 443 72 115 455 115 322 483 76 131 122 408 435 493 150 
126 137 335 206 113 159 155 187 306 73 428 211 338 287 222 134 463 128 0 481 106 231 381 337 263 374 437 188 464 341 488 348 158 246 162 247 354 85 160 382 345 494 294 133 68 315 290 261 385 405 
318 318 88 273 270 375 242 162 61 220 116 383 330 193 226 372 349 290 481 0 178 150 395 101 123 402 174 358 343 262 177 324 362 339 369 196 171 420 491 238 230 140 338 168 385 149 418 330 398 171 
210 427 494 440 354 204 277 348 376 117 66 454 385 334 493 365 310 367 106 178 0 350 331 360 229 460 86 319 306 135 396 306 352 245 394 153 380 136 109 168 397 62 288 264 451 450 68 397 77 151 
135 276 245 224 313 144 401 184 199 397 371 359 323 364 299 384 275 282 231 150 350 0 240 425 64 265 369 224 351 60 249 243 108 93 234 416 399 127 470 168 105 214 225 165 442 338 274 423 100 320 
247 311 441 287 303 61 303 376 118 187 217 100 138 392 363 232 499 253 381 395 331 240 0 199 315 128 331 388 237 311 262 72 141 414 499 171 63 251 211 164 471 187 80 194 450 317 84 236 152 397 
424 194 245 307 175 477 244 276 82 197 86 474 190 95 485 199 177 309 337 101 360 425 199 0 135 109 428 462 164 392 407 67 125 122 223 226 89 286 125 250 465 131 454 261 72 253 105 199 174 93 
429 157 197 389 244 298 219 190 221 119 385 235 245 362 185 471 394 89 263 123 229 64 315 135 0 304 449 104 377 362 60 356 170 424 219 230 476 449 472 373 386 77 476 226 109 248 75 463 89 306 
398 330 422 449 396 102 354 325 416 50 213 160 54 138 300 433 207 392 374 402 460 265 128 109 304 0 233 181 168 499 360 289 380 123 268 95 113 429 298 375 331 205 329 288 197 372 196 349 332 265 
97 183 240 111 204 325 216 484 246 164 136 298 469 167 214 225 86 80 437 174 86 369 331 428 449 233 0 86 258 262 475 134 209 279 123 393 336 288 431 155 89 243 61 238 347 366 263 283 95 426 
387 213 67 447 468 115 336 207 176 246 238 98 436 434 213 71 438 388 188 358 319 224 388 462 104 181 86 0 338 445 265 86 207 63 315 454 124 359 458 61 482 473 89 345 54 402 410 460 298 336 
386 108 485 325 202 405 342 148 372 163 190 285 497 386 473 94 321 162 464 343 306 351 237 164 377 168 258 338 0 166 121 53 140 194 218 127 444 465 287 125 384 383 184 238 71 214 364 499 106 61 
222 389 131 314 204 115 138 356 470 187 210 97 300 350 88 296 235 267 341 262 135 60 311 392 362 499 262 445 166 0 175 412 121 146 217 344 372 66 220 261 485 238 285 322 100 137 236 61 197 311 
226 489 94 322 119 359 476 392 203 331 361 340 247 165 347 96 410 349 488 177 396 249 262 407 60 360 475 265 121 175 0 211 368 450 66 297 228 52 131 290 465 306 470 83 63 246 186 334 130 337 
381 54 163 181 326 440 490 57 331 400 94 398 446 291 62 292 337 423 348 324 306 243 72 67 356 289 134 86 53 412 211 0 230 387 82 393 52 136 254 361 97 225 482 171 270 80 140 113 221 56 
140 416 325 272 448 264 468 455 301 367 499 198 313 496 418 311 332 340 158 362 352 108 141 125 170 380 209 207 140 121 368 230 0 496 451 380 204 355 261 331 362 242 82 163 206 167 461 182 232 287 
487 399 452 191 369 176 145 169 493 351 318 61 346 235 323 385 281 187 246 339 245 93 414 122 424 123 279 63 194 146 450 387 496 0 137 330 86 279 199 154 364 459 319 423 170 319 393 115 174 198 
158 284 120 284 380 240 483 437 264 495 489 205 73 373 192 210 326 481 162 369 394 234 499 223 219 268 123 315 218 217 66 82 451 137 0 397 72 283 433 125 67 300 498 115 317 160 195 175 165 78 
316 330 83 298 473 297 499 462 452 71 90 143 439 366 330 307 442 223 247 196 153 416 171 226 230 95 393 454 127 344 297 393 380 330 397 0 194 83 251 389 162 92 111 122 218 485 256 220 371 70 
353 126 152 70 284 380 110 133 74 183 413 331 331 342 77 477 445 443 354 171 380 399 63 89 476 113 336 124 444 372 228 52 204 86 72 194 0 174 155 103 238 352 388 412 304 167 455 329 140 406 
416 339 277 441 472 189 478 58 237 262 242 182 411 95 59 497 445 72 85 420 136 127 251 286 449 429 288 359 465 66 52 136 355 279 283 83 174 0 72 446 472 114 271 492 203 331 200 216 51 225 
468 91 362 229 283 250 139 329 259 136 480 488 171 155 330 456 356 115 160 491 109 470 211 125 472 298 431 458 287 220 131 254 261 199 433 251 155 72 0 484 289 355 413 325 105 95 96 499 209 343 
79 364 365 58 108 242 163 388 197 226 210 308 216 476 484 378 101 455 382 238 168 168 164 250 373 375 155 61 125 261 290 361 331 154 125 389 103 446 484 0 127 273 451 446 407 162 334 391 275 408 
457 171 400 471 93 375 454 177 182 165 58 126 283 384 240 239 463 115 345 230 397 105 471 465 386 331 89 482 384 485 465 97 362 364 67 162 238 472 289 127 0 223 134 168 204 451 163 283 236 174 
136 54 203 125 144 394 315 313 215 159 493 318 421 463 282 62 50 322 494 140 62 214 187 131 77 205 243 473 383 238 306 225 242 459 300 92 352 114 355 273 223 0 483 253 135 385 133 230 486 413 
348 91 350 66 323 363 66 351 112 364 120 277 50 201 60 412 394 483 294 338 288 225 80 454 476 329 61 89 184 285 470 482 82 319 498 111 388 271 413 451 134 483 0 58 271 461 498 422 162 466 
227 134 390 237 253 490 427 253 327 421 429 113 130 404 393 142 199 76 133 168 264 165 194 261 226 288 238 345 238 322 83 171 163 423 115 122 412 492 325 446 168 253 58 0 138 474 443 258 176 269 
249 156 401 97 306 183 180 180 397 51 80 365 434 319 102 279 263 131 68 385 451 442 450 72 109 197 347 54 71 100 63 270 206 170 317 218 304 203 105 407 204 135 271 138 0 70 279 274 324 319 
160 80 123 130 161 141 465 111 289 170 133 349 73 430 109 94 236 122 315 149 450 338 317 253 248 372 366 402 214 137 246 80 167 319 160 485 167 331 95 162 451 385 461 474 70 0 375 395 89 244 
70 68 257 349 89 356 54 133 379 464 331 458 330 440 171 417 392 408 290 418 68 274 84 105 75 196 263 410 364 236 186 140 461 393 195 256 455 200 96 334 163 133 498 443 279 375 0 126 386 303 
115 171 282 355 88 56 335 122 112 360 475 325 476 94 267 162 184 435 261 330 397 423 236 199 463 349 283 460 499 61 334 113 182 115 175 220 329 216 499 391 283 230 422 258 274 395 126 0 51 350 
409 85 94 445 433 467 180 338 429 235 120 388 233 339 428 53 471 493 385 398 77 100 152 174 89 332 95 298 106 197 130 221 232 174 165 371 140 51 209 275 236 486 162 176 324 89 386 51 0 100 
289 270 155 72 76 257 197 116 296 242 120 352 145 200 279 84 81 150 405 171 151 320 397 93 306 265 426 336 61 311 337 56 287 198 78 70 406 225 343 408 174 413 466 269 319 244 303 350 100 0 

725.5 0 12
725.5 1 35
725.5 2 4
725.5 3 28
725.5 4 14
725.5 5 26
725.5 6 19
725.5 7 34
725.5 8 39
725.5 9 33
725.5 10 25
725.5 11 47
725.5 12 42
725.5 13 18
725.5 14 29
725.5 15 13
725.5 16 36
725.5 17 22
725.5 18 2
725.5 19 16
725.5 20 37
725.5 21 27
725.5 22 10
725.5 23 37
725.5 24 47
725.5 25 47
725.5 26 32
725.5 27 23
725.5 28 35
725.5 29 28
725.5 30 14
725.5 31 47
725.5 32 14
725.5 33 23
725.5 34 27
725.5 35 33
725.5 36 5
725.5 37 2
725.5 38 18
725.5 39 0
725.5 40 35
725.5 41 0
725.5 42 48
725.5 43 34
725.5 44 18
725.5 45 28
725.5 46 47
725.5 47 10
725.5 48 6
725.5 49 5

12705
0 402
1 822
2 445
3 201
4 654
5 908
6 412
7 564
8 400
9 85
10 580
11 771
12 583
13 529
14 589
15 32
16 194
17 232
18 672
19 472
20 724
21 686
22 947
23 564
24 459
25 715
26 438
27 99
28 871
29 284
30 843
31 943
32 618
33 427
34 162
35 974
36 186
37 381
38 986
39 206
40 684
41 241
42 318
43 83
44 488
45 569
46 144
47 547
48 928
49 349

50 50 3

0 212 145 358 236 440 155 234 460 215 494 374 327 245 448 242 88 407 425 398 447 240 59 230 357 260 57 113 197 176 414 275 326 270 442 321 418 399 228 331 260 160 335 201 289 479 425 171 382 446 
212 0 300 427 283 105 245 235 455 178 477 272 94 322 84 259 334 490 101 278 95 267 184 150 369 262 399 151 166 331 294 476 74 89 423 397 363 141 242 368 244 88 104 396 123 314 427 260 459 331 
145 300 0 264 385 169 211 254 446 428 350 216 385 172 389 98 470 118 160 382 466 175 385 172 113 144 370 324 215 83 136 183 432 116 247 450 494 368 141 127 474 169 454 272 290 499 352 461 313 484 
358 427 264 0 368 80 301 450 378 306 205 275 461 256 336 381 123 287 437 463 181 84 257 140 210 278 395 378 471 79 245 117 394 184 95 489 474 98 224 74 353 433 82 320 186 367 415 151 138 180 
236 283 385 368 0 427 456 76 306 496 484 438 350 262 414 454 429 444 294 467 127 448 168 377 267 224 109 222 436 448 84 427 207 394 258 367 394 430 240 57 156 56 188 152 270 186 265 436 190 336 
440 105 169 80 427 0 79 72 245 124 61 377 136 96 352 370 306 194 147 183 414 368 257 97 217 318 118 87 316 249 372 217 355 154 357 343 320 202 270 408 274 290 96 174 152 89 266 80 131 314 
155 245 211 301 456 79 0 402 235 361 441 428 84 208 369 53 243 290 318 151 145 186 177 387 204 475 155 483 50 256 399 439 88 336 461 401 123 187 325 449 233 417 420 483 246 293 230 231 360 91 
234 235 254 450 76 72 402 0 439 164 217 315 418 406 214 209 281 359 200 400 387 496 493 165 108 287 77 91 70 383 283 81 446 404 471 106 396 106 440 403 104 451 91 456 103 128 490 273 421 307 
460 455 446 378 306 245 235 439 0 154 246 182 457 176 443 339 381 483 77 367 61 497 475 279 397 186 212 188 488 64 127 206 60 416 393 325 443 315 61 191 140 455 435 146 279 126 89 135 484 66 
215 178 428 306 496 124 361 164 154 0 194 379 189 430 330 306 407 302 478 293 99 81 447 153 304 87 383 298 294 464 488 273 311 56 413 326 131 290 368 94 193 197 308 335 108 490 425 490 279 257 
494 477 350 205 484 61 441 217 246 194 0 257 411 121 270 123 430 433 82 355 263 435 439 299 230 447 251 159 52 403 53 276 221 330 483 394 334 291 488 181 495 63 414 64 271 451 396 53 109 170 
374 272 216 275 438 377 428 315 182 379 257 0 189 401 78 244 210 434 242 345 397 444 448 164 488 160 236 500 286 259 297 209 426 246 483 52 139 422 434 143 280 102 167 433 252 78 326 164 260 474 
327 94 385 461 350 136 84 418 457 189 411 189 0 124 364 432 176 233 465 231 203 126 328 116 181 254 357 82 433 257 147 69 331 306 426 417 177 151 331 206 323 81 165 446 324 245 290 220 341 259 
245 322 172 256 262 96 208 406 176 430 121 401 124 0 187 260 459 192 102 487 491 156 230 174 485 357 488 77 57 162 262 373 300 139 338 58 163 494 424 94 468 248 414 469 88 206 493 294 391 282 
448 84 389 336 414 352 369 214 443 330 270 78 364 187 0 316 281 456 148 396 485 124 151 371 130 218 372 382 395 495 54 178 103 62 472 232 153 85 189 173 171 377 169 384 197 453 259 327 362 67 
242 259 98 381 454 370 53 209 339 306 123 244 432 260 316 0 70 272 455 342 166 411 195 243 52 358 151 490 432 396 466 73 110 149 385 196 479 337 283 449 484 143 50 398 278 294 479 442 280 219 
88 334 470 123 429 306 243 281 381 407 430 210 176 459 281 70 0 232 377 423 214 70 366 373 263 367 190 263 89 169 463 338 137 490 408 95 401 98 146 160 445 180 196 441 182 67 360 215 433 450 
407 490 118 287 444 194 290 359 483 302 433 434 233 192 456 272 232 0 385 189 167 426 147 101 233 155 238 446 179 145 156 140 401 460 473 330 154 422 279 461 458 404 213 156 166 283 378 172 180 200 
425 101 160 437 294 147 318 200 77 478 82 242 465 102 148 455 377 385 0 439 267 297 192 189 301 345 111 234 70 84 134 180 447 120 73 64 497 256 246 234 281 389 146 353 90 338 480 272 321 76 
398 278 382 463 467 183 151 400 367 293 355 345 231 487 396 342 423 189 439 0 320 288 398 311 133 498 253 342 78 415 108 178 265 51 87 352 164 230 405 433 357 389 473 127 427 207 226 50 167 248 
447 95 466 181 127 414 145 387 61 99 263 397 203 491 485 166 214 167 267 320 0 476 288 255 299 346 407 303 148 481 190 405 305 189 392 287 236 256 207 423 148 373 146 421 443 109 364 232 479 399 
240 267 175 84 448 368 186 496 497 81 435 444 126 156 124 411 70 426 297 288 476 0 342 224 181 425 419 374 222 104 499 76 474 424 369 295 348 246 80 267 178 477 109 363 331 275 374 318 298 305 
59 184 385 257 168 257 177 493 475 447 439 448 328 230 151 195 366 147 192 398 288 342 0 247 211 500 120 79 262 443 295 383 354 212 100 311 180 223 293 185 478 358 130 218 247 117 337 272 330 443 
230 150 172 140 377 97 387 165 279 153 299 164 116 174 371 243 373 101 189 311 255 224 247 0 248 315 268 364 196 129 244 200 211 139 458 57 420 384 116 211 118 500 405 474 165 245 349 281 412 376 
357 369 113 210 267 217 204 108 397 304 230 488 181 485 130 52 263 233 301 133 299 181 211 248 0 365 470 127 475 276 197 478 451 62 73 131 182 256 338 478 355 295 455 59 452 200 102 403 472 348 
260 262 144 278 224 318 475 287 186 87 447 160 254 357 218 358 367 155 345 498 346 425 500 315 365 0 117 192 343 412 374 79 383 360 460 352 127 102 286 337 433 386 452 110 500 287 74 419 497 398 
57 399 370 395 109 118 155 77 212 383 251 236 357 488 372 151 190 238 111 253 407 419 120 268 470 117 0 490 433 482 226 280 198 205 63 66 284 429 116 91 320 76 453 239 256 159 79 432 215 400 
113 151 324 378 222 87 483 91 188 298 159 500 82 77 382 490 263 446 234 342 303 374 79 364 127 192 490 0 338 457 315 203 360 203 337 478 287 335 256 412 296 94 266 455 425 147 231 69 364 282 
197 166 215 471 436 316 50 70 488 294 52 286 433 57 395 432 89 179 70 78 148 222 262 196 475 343 433 338 0 461 112 101 190 106 335 127 178 388 327 434 52 146 273 144 99 434 290 112 457 213 
176 331 83 79 448 249 256 383 64 464 403 259 257 162 495 396 169 145 84 415 481 104 443 129 276 412 482 457 461 0 182 342 246 107 303 448 60 203 253 397 470 120 249 469 361 482 212 332 52 203 
414 294 136 245 84 372 399 283 127 488 53 297 147 262 54 466 463 156 134 108 190 499 295 244 197 374 226 315 112 182 0 92 402 376 190 364 380 100 82 171 138 434 187 313 331 161 65 152 405 149 
275 476 183 117 427 217 439 81 206 273 276 209 69 373 178 73 338 140 180 178 405 76 383 200 478 79 280 203 101 342 92 0 467 82 276 155 95 494 54 471 469 256 107 295 338 413 215 233 338 366 
326 74 432 394 207 355 88 446 60 311 221 426 331 300 103 110 137 401 447 265 305 474 354 211 451 383 198 360 190 246 402 467 0 146 432 344 373 50 445 471 421 158 59 120 434 51 139 92 461 241 
270 89 116 184 394 154 336 404 416 56 330 246 306 139 62 149 490 460 120 51 189 424 212 139 62 360 205 203 106 107 376 82 146 0 387 70 129 419 380 249 319 102 140 291 120 366 124 112 218 339 
442 423 247 95 258 357 461 471 393 413 483 483 426 338 472 385 408 473 73 87 392 369 100 458 73 460 63 337 335 303 190 276 432 387 0 143 68 91 228 496 322 189 347 114 230 486 336 90 182 496 
321 397 450 489 367 343 401 106 325 326 394 52 417 58 232 196 95 330 64 352 287 295 311 57 131 352 66 478 127 448 364 155 344 70 143 0 266 430 391 234 76 164 197 223 410 394 354 478 151 76 
418 363 494 474 394 320 123 396 443 131 334 139 177 163 153 479 401 154 497 164 236 348 180 420 182 127 284 287 178 60 380 95 373 129 68 266 0 327 356 363 92 342 186 415 429 405 96 142 299 359 
399 141 368 98 430 202 187 106 315 290 291 422 151 494 85 337 98 422 256 230 256 246 223 384 256 102 429 335 388 203 100 494 50 419 91 430 327 0 260 200 261 312 266 303 426 279 65 478 493 294 
228 242 141 224 240 270 325 440 61 368 488 434 331 424 189 283 146 279 246 405 207 80 293 116 338 286 116 256 327 253 82 54 445 380 228 391 356 260 0 343 338 322 238 385 464 473 99 457 278 333 
331 368 127 74 57 408 449 403 191 94 181 143 206 94 173 449 160 461 234 433 423 267 185 211 478 337 91 412 434 397 171 471 471 249 496 234 363 200 343 0 390 296 327 267 415 482 135 434 489 376 
260 244 474 353 156 274 233 104 140 193 495 280 323 468 171 484 445 458 281 357 148 178 478 118 355 433 320 296 52 470 138 469 421 319 322 76 92 261 338 390 0 215 73 344 240 475 197 467 478 50 
160 88 169 433 56 290 417 451 455 197 63 102 81 248 377 143 180 404 389 389 373 477 358 500 295 386 76 94 146 120 434 256 158 102 189 164 342 312 322 296 215 0 359 155 441 179 445 461 337 209 
335 104 454 82 188 96 420 91 435 308 414 167 165 414 169 50 196 213 146 473 146 109 130 405 455 452 453 266 273 249 187 107 59 140 347 197 186 266 238 327 73 359 0 406 166 266 411 97 248 105 
201 396 272 320 152 174 483 456 146 335 64 433 446 469 384 398 441 156 353 127 421 363 218 474 59 110 239 455 144 469 313 295 120 291 114 223 415 303 385 267 344 155 406 0 64 427 437 393 74 466 
289 123 290 186 270 152 246 103 279 108 271 252 324 88 197 278 182 166 90 427 443 331 247 165 452 500 256 425 99 361 331 338 434 120 230 410 429 426 464 415 240 441 166 64 0 335 194 461 228 441 
479 314 499 367 186 89 293 128 126 490 451 78 245 206 453 294 67 283 338 207 109 275 117 245 200 287 159 147 434 482 161 413 51 366 486 394 405 279 473 482 475 179 266 427 335 0 376 130 316 122 
425 427 352 415 265 266 230 490 89 425 396 326 290 493 259 479 360 378 480 226 364 374 337 349 102 74 79 231 290 212 65 215 139 124 336 354 96 65 99 135 197 445 411 437 194 376 0 335 304 391 
171 260 461 151 436 80 231 273 135 490 53 164 220 294 327 442 215 172 272 50 232 318 272 281 403 419 432 69 112 332 152 233 92 112 90 478 142 478 457 434 467 461 97 393 461 130 335 0 367 390 
382 459 313 138 190 131 360 421 484 279 109 260 341 391 362 280 433 180 321 167 479 298 330 412 472 497 215 364 457 52 405 338 461 218 182 151 299 493 278 489 478 337 248 74 228 316 304 367 0 479 
446 331 484 180 336 314 91 307 66 257 170 474 259 282 67 219 450 200 76 248 399 305 443 376 348 398 400 282 213 203 149 366 241 339 496 76 359 294 333 376 50 209 105 466 441 122 391 390 479 0 

739.25 0 25
739.25 1 8
739.25 2 46
739.25 3 45
739.25 4 6
739.25 5 6
739.25 6 21
739.25 7 34
739.25 8 4
739.25 9 4
739.25 10 26
739.25 11 23
739.25 12 26
739.25 13 3
739.25 14 2
739.25 15 29
739.25 16 8
739.25 17 10
739.25 18 1
739.25 19 43
739.25 20 17
739.25 21 22
739.25 22 17
739.25 23 12
739.25 24 19
739.25 25 45
739.25 26 48
739.25 27 28
739.25 28 43
739.25 29 39
739.25 30 18
739.25 31 24
739.25 32 4
739.25 33 15
739.25 34 25
739.25 35 15
739.25 36 22
739.25 37 3
739.25 38 0
739.25 39 31
739.25 40 7
739.25 41 31
739.25 42 10
739.25 43 38
739.25 44 35
739.25 45 12
739.25 46 18
739.25 47 48
739.25 48 27
739.25 49 24

12103
0 654
1 995
2 490
3 531
4 790
5 589
6 289
7 588
8 901
9 163
10 199
11 919
12 204
13 246
14 952
15 545
16 707
17 316
18 51
19 681
20 618
21 592
22 625
23 806
24 715
25 271
26 227
27 7
28 116
29 811
30 319
31 733
32 947
33 179
34 19
35 868
36 184
37 513
38 210
39 22
40 629
41 61
42 685
43 308
44 250
45 384
46 408
47 828
48 375
49 687

50 50 3

0 136 427 464 306 390 300 219 323 184 182 240 394 311 499 335 96 278 422 242 160 100 81 452 165 55 164 439 343 353 287 68 208 254 199 153 368 382 136 188 177 247 143 380 379 468 284 378 252 50 
136 0 491 122 208 253 435 307 60 140 357 291 107 151 327 77 433 217 452 207 219 109 239 292 352 99 483 66 463 118 480 335 185 250 396 310 483 228 197 317 93 342 126 420 303 294 102 418 315 121 
427 491 0 395 335 309 421 444 92 180 126 61 359 393 158 299 194 383 242 135 466 183 105 479 144 486 58 263 404 65 390 116 367 100 450 181 96 163 93 373 379 499 310 390 388 317 398 490 433 151 
464 122 395 0 245 416 481 478 165 469 102 141 73 231 420 147 374 375 242 437 490 424 409 311 104 141 168 465 271 402 111 408 323 248 391 196 57 403 405 160 458 265 298 416 470 455 399 219 63 261 
306 208 335 245 0 254 344 151 194 91 337 113 283 355 250 95 297 262 75 155 422 294 73 58 415 445 406 185 158 287 251 152 288 140 294 259 160 395 385 455 73 397 226 284 356 353 82 178 390 276 
390 253 309 416 254 0 446 157 83 69 421 71 400 155 170 400 321 489 366 264 377 312 391 196 364 371 69 133 420 419 292 317 184 242 329 434 225 106 309 487 455 441 331 246 181 80 302 426 221 191 
300 435 421 481 344 446 0 195 128 428 254 184 93 164 70 490 123 121 82 485 58 249 391 172 212 479 380 203 240 173 348 406 435 192 93 290 66 492 416 324 313 171 427 187 96 211 181 77 157 352 
219 307 444 478 151 157 195 0 266 350 56 228 210 259 308 276 418 489 162 237 51 220 328 255 441 109 211 193 122 395 169 451 445 173 242 434 262 310 232 426 107 354 219 334 123 400 301 386 400 242 
323 60 92 165 194 83 128 266 0 436 434 422 250 346 479 461 341 449 468 296 273 390 210 108 71 223 55 458 104 94 171 192 326 203 96 177 71 419 84 155 126 125 136 389 134 453 189 258 443 53 
184 140 180 469 91 69 428 350 436 0 198 217 235 405 93 352 381 423 380 290 245 306 316 204 454 329 471 315 80 119 243 76 462 449 387 179 461 319 163 325 391 218 309 75 405 104 418 472 453 314 
182 357 126 102 337 421 254 56 434 198 0 62 342 270 90 147 152 342 497 258 464 462 378 444 420 164 156 212 275 467 213 400 100 267 469 59 237 238 473 346 386 301 288 487 110 460 146 56 406 430 
240 291 61 141 113 71 184 228 422 217 62 0 106 437 379 220 140 375 412 374 494 257 269 370 89 344 132 337 454 149 240 356 388 344 488 152 139 266 188 331 322 445 489 418 250 279 375 455 485 215 
394 107 359 73 283 400 93 210 250 235 342 106 0 224 343 404 177 326 313 235 193 232 449 112 219 400 205 476 488 149 416 474 435 276 390 140 416 304 408 274 312 397 315 324 465 234 50 499 461 359 
311 151 393 231 355 155 164 259 346 405 270 437 224 0 250 258 237 99 130 179 170 184 302 224 322 82 422 424 296 448 68 71 121 442 126 444 156 141 457 126 105 448 269 56 353 124 387 112 85 363 
499 327 158 420 250 170 70 308 479 93 90 379 343 250 0 196 434 71 189 326 335 453 63 260 418 285 305 63 373 309 96 130 469 297 268 476 120 68 264 355 443 393 330 228 249 142 225 92 73 372 
335 77 299 147 95 400 490 276 461 352 147 220 404 258 196 0 134 372 480 427 129 153 467 209 424 421 240 131 81 344 120 69 454 402 254 117 221 248 413 327 199 71 157 385 408 211 421 438 103 463 
96 433 194 374 297 321 123 418 341 381 152 140 177 237 434 134 0 238 463 372 483 267 257 51 137 487 292 56 271 243 328 348 176 281 228 249 347 84 51 415 251 179 150 102 487 485 86 159 133 436 
278 217 383 375 262 489 121 489 449 423 342 375 326 99 71 372 238 0 64 107 98 218 440 420 328 411 149 425 52 181 390 164 132 365 374 213 486 398 421 128 429 494 271 294 109 165 250 439 101 298 
422 452 242 242 75 366 82 162 468 380 497 412 313 130 189 480 463 64 0 292 320 362 113 231 123 216 139 260 94 375 69 409 118 151 271 482 404 295 226 122 97 98 100 127 264 274 135 481 159 211 
242 207 135 437 155 264 485 237 296 290 258 374 235 179 326 427 372 107 292 0 219 490 270 380 457 412 325 67 109 221 215 368 250 399 306 306 303 485 450 246 241 176 437 61 50 405 53 105 65 229 
160 219 466 490 422 377 58 51 273 245 464 494 193 170 335 129 483 98 320 219 0 413 158 396 146 232 140 165 58 184 264 330 168 311 238 485 237 370 74 214 370 363 182 246 340 282 229 124 261 332 
100 109 183 424 294 312 249 220 390 306 462 257 232 184 453 153 267 218 362 490 413 0 320 179 53 134 60 51 470 175 447 379 447 372 208 209 443 298 318 463 228 403 447 152 216 61 359 81 205 66 
81 239 105 409 73 391 391 328 210 316 378 269 449 302 63 467 257 440 113 270 158 320 0 388 424 335 311 373 319 280 105 70 270 365 350 477 173 338 103 415 197 55 322 280 394 180 258 388 333 171 
452 292 479 311 58 196 172 255 108 204 444 370 112 224 260 209 51 420 231 380 396 179 388 0 305 75 50 254 283 399 389 141 260 230 321 250 341 450 339 181 449 482 298 410 354 287 333 60 385 73 
165 352 144 104 415 364 212 441 71 454 420 89 219 322 418 424 137 328 123 457 146 53 424 305 0 412 433 326 134 144 226 267 213 94 227 252 244 107 67 196 419 342 314 110 120 346 238 272 466 277 
55 99 486 141 445 371 479 109 223 329 164 344 400 82 285 421 487 411 216 412 232 134 335 75 412 0 429 463 76 305 211 247 223 377 465 89 472 449 89 279 476 136 311 86 423 236 415 345 363 98 
164 483 58 168 406 69 380 211 55 471 156 132 205 422 305 240 292 149 139 325 140 60 311 50 433 429 0 471 155 181 240 302 61 69 266 370 53 154 332 399 394 381 355 500 164 376 491 299 463 226 
439 66 263 465 185 133 203 193 458 315 212 337 476 424 63 131 56 425 260 67 165 51 373 254 326 463 471 0 94 435 237 213 133 408 337 154 147 142 136 491 321 235 96 236 363 84 76 336 482 73 
343 463 404 271 158 420 240 122 104 80 275 454 488 296 373 81 271 52 94 109 58 470 319 283 134 76 155 94 0 331 342 190 364 445 357 301 374 154 184 235 497 443 360 428 478 351 106 302 456 498 
353 118 65 402 287 419 173 395 94 119 467 149 149 448 309 344 243 181 375 221 184 175 280 399 144 305 181 435 331 0 381 144 362 403 414 142 102 108 462 425 370 337 243 154 411 421 138 180 339 189 
287 480 390 111 251 292 348 169 171 243 213 240 416 68 96 120 328 390 69 215 264 447 105 389 226 211 240 237 342 381 0 94 384 393 196 456 404 250 261 250 354 412 253 357 73 444 440 332 434 403 
68 335 116 408 152 317 406 451 192 76 400 356 474 71 130 69 348 164 409 368 330 379 70 141 267 247 302 213 190 144 94 0 278 198 262 404 448 486 477 129 173 190 453 64 112 319 341 387 207 499 
208 185 367 323 288 184 435 445 326 462 100 388 435 121 469 454 176 132 118 250 168 447 270 260 213 223 61 133 364 362 384 278 0 360 66 403 85 286 365 241 169 179 75 281 214 214 190 98 153 260 
254 250 100 248 140 242 192 173 203 449 267 344 276 442 297 402 281 365 151 399 311 372 365 230 94 377 69 408 445 403 393 198 360 0 352 343 450 363 60 329 233 410 269 453 411 261 93 78 367 260 
199 396 450 391 294 329 93 242 96 387 469 488 390 126 268 254 228 374 271 306 238 208 350 321 227 465 266 337 357 414 196 262 66 352 0 100 455 145 138 446 131 161 457 186 81 480 446 105 220 466 
153 310 181 196 259 434 290 434 177 179 59 152 140 444 476 117 249 213 482 306 485 209 477 250 252 89 370 154 301 142 456 404 403 343 100 0 402 180 456 402 193 282 251 64 276 274 430 226 493 487 
368 483 96 57 160 225 66 262 71 461 237 139 416 156 120 221 347 486 404 303 237 443 173 341 244 472 53 147 374 102 404 448 85 450 455 402 0 175 76 315 394 106 306 198 299 498 345 210 87 157 
382 228 163 403 395 106 492 310 419 319 238 266 304 141 68 248 84 398 295 485 370 298 338 450 107 449 154 142 154 108 250 486 286 363 145 180 175 0 260 269 150 282 140 79 334 397 333 340 327 318 
136 197 93 405 385 309 416 232 84 163 473 188 408 457 264 413 51 421 226 450 74 318 103 339 67 89 332 136 184 462 261 477 365 60 138 456 76 260 0 327 457 343 176 104 349 173 437 318 149 435 
188 317 373 160 455 487 324 426 155 325 346 331 274 126 355 327 415 128 122 246 214 463 415 181 196 279 399 491 235 425 250 129 241 329 446 402 315 269 327 0 470 182 392 86 139 207 240 418 236 368 
177 93 379 458 73 455 313 107 126 391 386 322 312 105 443 199 251 429 97 241 370 228 197 449 419 476 394 321 497 370 354 173 169 233 131 193 394 150 457 470 0 207 399 105 239 208 251 311 486 338 
247 342 499 265 397 441 171 354 125 218 301 445 397 448 393 71 179 494 98 176 363 403 55 482 342 136 381 235 443 337 412 190 179 410 161 282 106 282 343 182 207 0 414 297 165 132 289 324 54 120 
143 126 310 298 226 331 427 219 136 309 288 489 315 269 330 157 150 271 100 437 182 447 322 298 314 311 355 96 360 243 253 453 75 269 457 251 306 140 176 392 399 414 0 454 339 436 114 128 427 82 
380 420 390 416 284 246 187 334 389 75 487 418 324 56 228 385 102 294 127 61 246 152 280 410 110 86 500 236 428 154 357 64 281 453 186 64 198 79 104 86 105 297 454 0 203 392 458 309 203 197 
379 303 388 470 356 181 96 123 134 405 110 250 465 353 249 408 487 109 264 50 340 216 394 354 120 423 164 363 478 411 73 112 214 411 81 276 299 334 349 139 239 165 339 203 0 413 175 386 89 433 
468 294 317 455 353 80 211 400 453 104 460 279 234 124 142 211 485 165 274 405 282 61 180 287 346 236 376 84 351 421 444 319 214 261 480 274 498 397 173 207 208 132 436 392 413 0 290 170 450 405 
284 102 398 399 82 302 181 301 189 418 146 375 50 387 225 421 86 250 135 53 229 359 258 333 238 415 491 76 106 138 440 341 190 93 446 430 345 333 437 240 251 289 114 458 175 290 0 453 256 366 
378 418 490 219 178 426 77 386 258 472 56 455 499 112 92 438 159 439 481 105 124 81 388 60 272 345 299 336 302 180 332 387 98 78 105 226 210 340 318 418 311 324 128 309 386 170 453 0 380 125 
252 315 433 63 390 221 157 400 443 453 406 485 461 85 73 103 133 101 159 65 261 205 333 385 466 363 463 482 456 339 434 207 153 367 220 493 87 327 149 236 486 54 427 203 89 450 256 380 0 409 
50 121 151 261 276 191 352 242 53 314 430 215 359 363 372 463 436 298 211 229 332 66 171 73 277 98 226 73 498 189 403 499 260 260 466 487 157 318 435 368 338 120 82 197 433 405 366 125 409 0 

727.25 0 29
727.25 1 6
727.25 2 7
727.25 3 35
727.25 4 33
727.25 5 39
727.25 6 47
727.25 7 15
727.25 8 45
727.25 9 13
727.25 10 35
727.25 11 48
727.25 12 26
727.25 13 28
727.25 14 35
727.25 15 20
727.25 16 10
727.25 17 7
727.25 18 42
727.25 19 32
727.25 20 3
727.25 21 19
727.25 22 42
727.25 23 3
727.25 24 1
727.25 25 34
727.25 26 4
727.25 27 41
727.25 28 31
727.25 29 28
727.25 30 23
727.25 31 17
727.25 32 40
727.25 33 31
727.25 34 8
727.25 35 24
727.25 36 21
727.25 37 6
727.25 38 44
727.25 39 17
727.25 40 20
727.25 41 30
727.25 42 22
727.25 43 46
727.25 44 15
727.25 45 8
727.25 46 22
727.25 47 25
727.25 48 15
727.25 49 21

12329
0 815
1 549
2 618
3 676
4 410
5 41
6 536
7 904
8 402
9 608
10 275
11 452
12 146
13 339
14 796
15 133
16 806
17 631
18 911
19 154
20 604
21 947
22 146
23 106
24 908
25 933
26 356
27 526
28 38
29 818
30 59
31 64
32 546
33 692
34 189
35 393
36 853
37 361
38 973
39 743
40 14
41 595
42 343
43 578
44 351
45 723
46 49
47 577
48 850
49 121

50 50 3

0 268 125 233 102 362 396 334 141 297 67 440 84 420 299 323 470 296 488 358 383 465 208 140 193 286 287 93 458 105 370 485 223 460 485 113 247 234 410 231 305 427 152 102 428 290 176 128 417 354 
268 0 359 86 186 154 452 102 77 351 368 236 213 496 389 245 169 149 302 296 149 54 146 132 117 418 412 284 302 495 389 309 382 425 184 235 265 483 303 331 382 420 393 150 108 110 234 357 267 69 
125 359 0 247 246 216 490 154 485 288 147 341 455 276 79 378 82 360 446 188 288 324 236 80 226 395 334 432 419 209 144 193 59 127 452 94 152 326 345 164 482 126 318 214 339 463 118 376 428 361 
233 86 247 0 493 341 359 467 359 493 263 177 322 308 232 166 358 168 458 214 266 307 211 357 244 441 190 61 274 62 121 335 264 390 437 50 238 409 417 104 410 317 75 496 104 295 59 477 82 310 
102 186 246 493 0 215 85 295 359 99 433 83 206 388 305 165 198 471 378 410 407 292 84 99 342 277 305 91 346 53 97 136 224 381 371 391 206 126 180 171 108 323 389 84 312 410 395 71 95 231 
362 154 216 341 215 0 423 137 343 149 389 368 53 249 183 374 264 440 484 423 333 348 353 423 419 273 242 425 202 127 364 448 457 453 286 228 256 449 325 199 265 301 205 387 126 234 99 100 283 228 
396 452 490 359 85 423 0 482 299 353 393 368 177 456 267 149 369 474 195 154 53 365 124 270 398 223 183 424 412 494 124 405 169 481 438 388 297 478 130 226 148 289 486 416 136 139 418 140 169 268 
334 102 154 467 295 137 482 0 151 266 266 149 58 385 225 179 88 150 421 375 196 475 151 396 239 420 222 132 113 105 382 417 140 128 450 492 364 259 57 290 54 434 118 56 241 151 365 415 436 144 
141 77 485 359 359 343 299 151 0 196 441 227 476 188 137 468 237 408 366 398 379 85 124 205 265 340 136 321 451 487 113 85 492 295 428 442 469 479 457 483 315 425 312 77 463 368 247 269 229 178 
297 351 288 493 99 149 353 266 196 0 497 417 323 398 88 104 93 77 177 283 390 92 362 184 481 156 330 228 92 161 179 468 343 128 180 397 388 301 327 89 100 430 97 83 418 266 429 120 120 96 
67 368 147 263 433 389 393 266 441 497 0 398 283 225 381 134 175 441 101 330 51 190 115 492 270 370 205 324 487 168 124 302 148 191 394 353 173 170 373 491 489 303 322 480 406 230 474 353 118 320 
440 236 341 177 83 368 368 149 227 417 398 0 344 71 348 352 483 466 94 343 93 418 336 391 121 388 359 210 82 193 224 159 357 243 56 452 118 481 133 399 149 430 179 103 231 265 97 160 313 435 
84 213 455 322 206 53 177 58 476 323 283 344 0 431 216 242 180 476 81 80 247 398 185 345 79 74 259 401 364 204 53 399 241 238 59 263 182 214 85 471 391 369 480 440 386 349 467 147 143 267 
420 496 276 308 388 249 456 385 188 398 225 71 431 0 145 482 473 423 83 73 297 429 129 282 399 267 331 166 215 155 267 305 404 129 362 141 80 378 416 77 404 424 431 235 269 241 395 65 143 218 
299 389 79 232 305 183 267 225 137 88 381 348 216 145 0 283 405 249 340 351 439 183 127 243 97 127 405 490 112 225 134 376 439 173 60 102 117 182 413 483 468 290 444 496 352 403 211 72 208 365 
323 245 378 166 165 374 149 179 468 104 134 352 242 482 283 0 483 445 387 477 167 60 239 419 425 496 365 105 73 67 158 483 431 468 159 394 205 247 334 240 266 388 435 176 108 213 299 411 245 205 
470 169 82 358 198 264 369 88 237 93 175 483 180 473 405 483 0 91 149 482 206 468 444 383 103 454 200 231 322 76 442 170 280 297 82 295 295 159 364 100 405 254 223 254 55 332 220 111 476 249 
296 149 360 168 471 440 474 150 408 77 441 466 476 423 249 445 91 0 215 228 361 186 101 74 231 103 293 249 228 287 358 73 218 394 395 201 207 421 251 453 174 473 214 287 350 383 114 375 185 119 
488 302 446 458 378 484 195 421 366 177 101 94 81 83 340 387 149 215 0 216 272 206 274 487 172 323 389 143 270 297 391 341 271 465 181 499 50 51 209 484 190 157 266 326 64 211 399 255 80 188 
358 296 188 214 410 423 154 375 398 283 330 343 80 73 351 477 482 228 216 0 288 346 242 448 444 484 174 135 133 348 435 60 290 385 204 317 202 93 431 334 369 112 190 222 344 274 459 165 136 307 
383 149 288 266 407 333 53 196 379 390 51 93 247 297 439 167 206 361 272 288 0 282 448 360 283 208 126 113 409 221 155 214 382 316 149 265 327 123 87 134 299 498 168 180 241 202 469 122 456 200 
465 54 324 307 292 348 365 475 85 92 190 418 398 429 183 60 468 186 206 346 282 0 191 379 404 371 140 293 469 66 238 446 423 416 155 384 282 299 134 209 233 367 474 124 184 264 408 149 456 69 
208 146 236 211 84 353 124 151 124 362 115 336 185 129 127 239 444 101 274 242 448 191 0 283 394 164 127 134 226 431 362 456 452 254 71 346 289 241 63 162 415 226 76 215 177 442 186 137 367 299 
140 132 80 357 99 423 270 396 205 184 492 391 345 282 243 419 383 74 487 448 360 379 283 0 201 262 386 209 250 336 378 282 163 474 357 200 305 131 316 376 361 159 199 61 373 60 219 391 459 107 
193 117 226 244 342 419 398 239 265 481 270 121 79 399 97 425 103 231 172 444 283 404 394 201 0 101 414 173 288 241 376 79 452 368 385 170 434 376 264 50 313 108 499 469 398 159 274 240 414 470 
286 418 395 441 277 273 223 420 340 156 370 388 74 267 127 496 454 103 323 484 208 371 164 262 101 0 317 210 226 364 197 87 245 51 323 75 203 361 87 451 331 455 236 364 376 350 439 244 451 104 
287 412 334 190 305 242 183 222 136 330 205 359 259 331 405 365 200 293 389 174 126 140 127 386 414 317 0 55 335 85 119 429 298 73 436 137 90 337 284 218 477 86 237 171 60 332 392 182 122 352 
93 284 432 61 91 425 424 132 321 228 324 210 401 166 490 105 231 249 143 135 113 293 134 209 173 210 55 0 203 480 446 148 100 94 80 271 198 218 426 258 63 271 69 223 431 422 320 134 470 62 
458 302 419 274 346 202 412 113 451 92 487 82 364 215 112 73 322 228 270 133 409 469 226 250 288 226 335 203 0 89 439 483 227 129 230 446 302 133 226 174 152 125 85 80 365 164 457 317 307 273 
105 495 209 62 53 127 494 105 487 161 168 193 204 155 225 67 76 287 297 348 221 66 431 336 241 364 85 480 89 0 305 123 371 196 230 208 127 72 329 92 74 261 200 292 385 333 206 319 465 341 
370 389 144 121 97 364 124 382 113 179 124 224 53 267 134 158 442 358 391 435 155 238 362 378 376 197 119 446 439 305 0 159 416 408 151 79 414 180 292 95 260 248 469 250 274 119 314 396 191 80 
485 309 193 335 136 448 405 417 85 468 302 159 399 305 376 483 170 73 341 60 214 446 456 282 79 87 429 148 483 123 159 0 156 295 421 58 499 73 135 356 163 258 394 132 292 404 339 152 223 127 
223 382 59 264 224 457 169 140 492 343 148 357 241 404 439 431 280 218 271 290 382 423 452 163 452 245 298 100 227 371 416 156 0 120 365 149 343 262 338 374 406 387 92 392 443 393 146 383 438 360 
460 425 127 390 381 453 481 128 295 128 191 243 238 129 173 468 297 394 465 385 316 416 254 474 368 51 73 94 129 196 408 295 120 0 309 331 272 456 136 417 241 81 287 170 320 288 138 271 325 392 
485 184 452 437 371 286 438 450 428 180 394 56 59 362 60 159 82 395 181 204 149 155 71 357 385 323 436 80 230 230 151 421 365 309 0 265 236 433 51 166 72 75 175 334 102 198 348 128 255 143 
113 235 94 50 391 228 388 492 442 397 353 452 263 141 102 394 295 201 499 317 265 384 346 200 170 75 137 271 446 208 79 58 149 331 265 0 255 94 468 251 220 209 187 182 462 59 247 160 484 297 
247 265 152 238 206 256 297 364 469 388 173 118 182 80 117 205 295 207 50 202 327 282 289 305 434 203 90 198 302 127 414 499 343 272 236 255 0 160 168 115 457 332 198 56 152 472 394 321 107 119 
234 483 326 409 126 449 478 259 479 301 170 481 214 378 182 247 159 421 51 93 123 299 241 131 376 361 337 218 133 72 180 73 262 456 433 94 160 0 338 342 170 314 160 249 189 494 473 426 131 117 
410 303 345 417 180 325 130 57 457 327 373 133 85 416 413 334 364 251 209 431 87 134 63 316 264 87 284 426 226 329 292 135 338 136 51 468 168 338 0 491 225 350 255 188 202 160 112 74 175 147 
231 331 164 104 171 199 226 290 483 89 491 399 471 77 483 240 100 453 484 334 134 209 162 376 50 451 218 258 174 92 95 356 374 417 166 251 115 342 491 0 478 463 217 83 321 96 141 297 286 454 
305 382 482 410 108 265 148 54 315 100 489 149 391 404 468 266 405 174 190 369 299 233 415 361 313 331 477 63 152 74 260 163 406 241 72 220 457 170 225 478 0 243 414 282 313 467 157 252 201 164 
