10 10 3

0 115 433 296 73 245 353 103 249 170 
115 0 254 324 486 69 500 63 425 132 
433 254 0 155 246 164 150 130 104 373 
296 324 155 0 478 335 304 440 314 123 
73 486 246 478 0 269 107 448 113 316 
245 69 164 335 269 0 220 181 65 324 
353 500 150 304 107 220 0 282 109 349 
103 63 130 440 448 181 282 0 387 186 
249 425 104 314 113 65 109 387 0 366 
170 132 373 123 316 324 349 186 366 0 

209.75 0 4
209.75 1 7
209.75 2 3
209.75 3 8
209.75 4 7
209.75 5 2
209.75 6 2
209.75 7 4
209.75 8 7
209.75 9 5

3391
0 101
1 576
2 13
3 752
4 549
5 467
6 991
7 574
8 836
9 794

10 10 3

0 249 346 481 292 382 256 378 383 51 
249 0 317 95 115 154 487 124 228 316 
346 317 0 448 61 427 57 444 287 391 
481 95 448 0 307 464 104 301 338 269 
292 115 61 307 0 477 379 123 73 122 
382 154 427 464 477 0 129 122 104 272 
256 487 57 104 379 129 0 151 74 374 
378 124 444 301 123 122 151 0 118 256 
383 228 287 338 73 104 74 118 0 442 
51 316 391 269 122 272 374 256 442 0 

196.25 0 7
196.25 1 6
196.25 2 1
196.25 3 7
196.25 4 8
196.25 5 6
196.25 6 8
196.25 7 2
196.25 8 6
196.25 9 2

2850
0 539
1 83
2 682
3 819
4 193
5 240
6 467
7 873
8 477
9 377

10 10 3

0 158 418 466 252 124 283 420 429 157 
158 0 171 56 344 197 219 143 486 461 
418 171 0 349 373 64 309 385 431 459 
466 56 349 0 62 391 363 239 86 480 
252 344 373 62 0 87 425 122 403 473 
124 197 64 391 87 0 251 398 101 289 
283 219 309 363 425 251 0 138 258 383 
420 143 385 239 122 398 138 0 165 243 
429 486 431 86 403 101 258 165 0 179 
157 461 459 480 473 289 383 243 179 0 

224 0 2
224 1 2
224 2 3
224 3 5
224 4 6
224 5 6
224 6 3
224 7 0
224 8 3
224 9 3

3267
0 290
1 546
2 57
3 305
4 864
5 806
6 906
7 330
8 920
9 421

10 10 3

0 411 157 499 429 87 78 88 125 269 
411 0 382 86 329 347 226 359 256 412 
157 382 0 123 232 343 301 241 107 435 
499 86 123 0 236 254 412 230 486 451 
429 329 232 236 0 61 176 404 364 354 
87 347 343 254 61 0 186 221 439 228 
78 226 301 412 176 186 0 123 484 298 
88 359 241 230 404 221 123 0 156 197 
125 256 107 486 364 439 484 156 0 432 
269 412 435 451 354 228 298 197 432 0 

238 0 3
238 1 7
238 2 6
238 3 7
238 4 3
238 5 8
238 6 4
238 7 1
238 8 3
238 9 3

1965
0 322
1 352
2 126
3 311
4 300
5 279
6 113
7 31
8 953
9 489

10 10 3

0 111 252 391 448 258 68 331 238 346 
111 0 120 83 68 52 230 308 212 343 
252 120 0 327 397 361 372 374 242 430 
391 83 327 0 142 376 316 147 55 449 
448 68 397 142 0 193 377 151 171 192 
258 52 361 376 193 0 59 364 313 187 
68 230 372 316 377 59 0 99 396 451 
331 308 374 147 151 364 99 0 411 259 
238 212 242 55 171 313 396 411 0 270 
346 343 430 449 192 187 451 259 270 0 

197.75 0 3
197.75 1 6
197.75 2 7
197.75 3 5
197.75 4 3
197.75 5 2
197.75 6 4
197.75 7 4
197.75 8 4
197.75 9 6

2324
0 609
1 141
2 350
3 318
4 200
5 232
6 964
7 24
8 843
9 193

10 10 3

0 434 197 483 431 494 450 457 269 189 
434 0 382 142 147 88 441 183 121 321 
197 382 0 300 177 295 117 493 302 214 
483 142 300 0 450 92 156 140 202 73 
431 147 177 450 0 224 200 433 475 478 
494 88 295 92 224 0 337 74 390 414 
450 441 117 156 200 337 0 284 391 318 
457 183 493 140 433 74 284 0 116 479 
269 121 302 202 475 390 391 116 0 212 
189 321 214 73 478 414 318 479 212 0 

263 0 4
263 1 4
263 2 3
263 3 4
263 4 8
263 5 6
263 6 8
263 7 5
263 8 7
263 9 0

2945
0 267
1 660
2 63
3 296
4 193
5 615
6 698
7 748
8 721
9 648

10 10 3

0 338 124 121 129 385 388 159 284 368 
338 0 376 343 495 244 390 296 457 479 
124 376 0 203 177 365 284 98 133 331 
121 343 203 0 469 413 412 424 121 495 
129 495 177 469 0 164 368 87 80 448 
385 244 365 413 164 0 446 314 215 423 
388 390 284 412 368 446 0 282 400 445 
159 296 98 424 87 314 282 0 130 312 
284 457 133 121 80 215 400 130 0 335 
368 479 331 495 448 423 445 312 335 0 

377.25 0 8
377.25 1 0
377.25 2 4
377.25 3 2
377.25 4 7
377.25 5 7
377.25 6 3
377.25 7 8
377.25 8 9
377.25 9 3

1828
0 565
1 15
2 297
3 161
4 144
5 222
6 453
7 53
8 227
9 911

10 10 3

0 105 94 94 384 299 166 132 58 225 
105 0 113 328 400 142 431 354 84 248 
94 113 0 69 306 172 346 73 387 62 
94 328 69 0 98 277 318 181 321 238 
384 400 306 98 0 424 449 377 128 52 
299 142 172 277 424 0 387 77 206 311 
166 431 346 318 449 387 0 382 365 330 
132 354 73 181 377 77 382 0 407 174 
58 84 387 321 128 206 365 407 0 294 
225 248 62 238 52 311 330 174 294 0 

183.75 0 4
183.75 1 7
183.75 2 7
183.75 3 6
183.75 4 2
183.75 5 3
183.75 6 3
183.75 7 8
183.75 8 7
183.75 9 4

3365
0 131
1 829
2 785
3 418
4 762
5 441
6 842
7 224
8 921
9 256

10 10 3

0 284 73 372 258 424 290 286 417 386 
284 0 205 289 109 431 380 500 418 242 
73 205 0 239 74 346 460 391 286 495 
372 289 239 0 415 378 327 54 407 410 
258 109 74 415 0 443 53 314 197 156 
424 431 346 378 443 0 460 478 197 174 
290 380 460 327 53 460 0 158 278 96 
286 500 391 54 314 478 158 0 436 209 
417 418 286 407 197 197 278 436 0 51 
386 242 495 410 156 174 96 209 51 0 

210.5 0 3
210.5 1 7
210.5 2 6
210.5 3 0
210.5 4 2
210.5 5 6
210.5 6 7
210.5 7 0
210.5 8 5
210.5 9 2

2853
0 167
1 38
2 162
3 975
4 270
5 547
6 549
7 677
8 676
9 695

10 10 3

0 272 160 136 372 417 277 68 328 450 
272 0 445 76 433 408 265 128 309 471 
160 445 0 118 473 161 283 372 474 133 
136 76 118 0 68 158 324 430 306 422 
372 433 473 68 0 159 424 110 419 489 
417 408 161 158 159 0 492 219 175 500 
277 265 283 324 424 492 0 56 392 330 
68 128 372 430 110 219 56 0 445 149 
328 309 474 306 419 175 392 445 0 157 
450 471 133 422 489 500 330 149 157 0 

236 0 4
236 1 4
236 2 8
236 3 5
236 4 8
236 5 3
236 6 7
236 7 6
236 8 4
236 9 5

3723
0 818
1 751
2 671
3 453
4 777
5 870
6 547
7 374
8 209
9 736

10 10 4

0 317 153 79 53 90 256 230 195 383 
317 0 216 187 443 300 500 194 294 458 
153 216 0 231 149 127 138 287 280 232 
79 187 231 0 178 60 85 157 218 238 
53 443 149 178 0 139 355 307 397 135 
90 300 127 60 139 0 452 251 202 273 
256 500 138 85 355 452 0 283 248 488 
230 194 287 157 307 251 283 0 83 419 
195 294 280 218 397 202 248 83 0 283 
383 458 232 238 135 273 488 419 283 0 

241.5 0 6
241.5 1 4
241.5 2 6
241.5 3 0
241.5 4 5
241.5 5 6
241.5 6 7
241.5 7 8
241.5 8 0
241.5 9 1

2731
0 265
1 781
2 625
3 546
4 534
5 129
6 264
7 523
8 875
9 11

10 10 4

0 460 51 242 228 318 413 232 340 360 
460 0 323 403 120 460 116 122 149 388 
51 323 0 116 220 225 171 149 58 330 
242 403 116 0 136 275 400 359 55 79 
228 120 220 136 0 192 242 245 357 474 
318 460 225 275 192 0 404 199 87 354 
413 116 171 400 242 404 0 437 454 490 
232 122 149 359 245 199 437 0 259 198 
340 149 58 55 357 87 454 259 0 336 
360 388 330 79 474 354 490 198 336 0 

206 0 6
206 1 4
206 2 3
206 3 4
206 4 2
206 5 6
206 6 5
206 7 4
206 8 2
206 9 4

2738
0 440
1 239
2 265
3 140
4 893
5 481
6 87
7 505
8 677
9 837

10 10 4

0 463 374 156 371 135 297 380 402 92 
463 0 172 420 426 301 203 168 75 341 
374 172 0 479 335 267 190 341 236 207 
156 420 479 0 408 474 493 144 365 134 
371 426 335 408 0 337 108 91 155 455 
135 301 267 474 337 0 232 397 114 499 
297 203 190 493 108 232 0 262 471 385 
380 168 341 144 91 397 262 0 75 221 
402 75 236 365 155 114 471 75 0 472 
92 341 207 134 455 499 385 221 472 0 

249 0 2
249 1 0
249 2 4
249 3 4
249 4 6
249 5 0
249 6 2
249 7 0
249 8 7
249 9 3

2838
0 641
1 504
2 574
3 61
4 390
5 143
6 746
7 955
8 424
9 293

10 10 4

0 152 355 121 307 298 254 272 295 360 
152 0 243 257 328 362 55 157 330 274 
355 243 0 476 130 170 274 126 435 425 
121 257 476 0 371 345 345 339 397 440 
307 328 130 371 0 275 226 79 184 352 
298 362 170 345 275 0 245 65 385 429 
254 55 274 345 226 245 0 345 468 302 
272 157 126 339 79 65 345 0 147 228 
295 330 435 397 184 385 468 147 0 480 
360 274 425 440 352 429 302 228 480 0 

282.5 0 6
282.5 1 6
282.5 2 3
282.5 3 6
282.5 4 5
282.5 5 0
282.5 6 5
282.5 7 0
282.5 8 7
282.5 9 3

2215
0 411
1 42
2 29
3 421
4 505
5 267
6 283
7 624
8 133
9 977

10 10 4

0 299 310 144 285 175 175 416 435 63 
299 0 307 104 208 124 214 286 296 75 
310 307 0 136 477 235 184 148 171 74 
144 104 136 0 376 156 183 423 440 491 
285 208 477 376 0 255 392 475 105 401 
175 124 235 156 255 0 163 65 428 406 
175 214 184 183 392 163 0 381 290 321 
416 286 148 423 475 65 381 0 367 343 
435 296 171 440 105 428 290 367 0 61 
63 75 74 491 401 406 321 343 61 0 

208.5 0 2
208.5 1 2
208.5 2 3
208.5 3 8
208.5 4 2
208.5 5 7
208.5 6 7
208.5 7 6
208.5 8 0
208.5 9 1

3037
0 449
1 106
2 155
3 709
4 289
5 832
6 60
7 794
8 820
9 849

10 10 4

0 157 82 244 366 196 260 312 142 182 
157 0 399 467 407 78 85 101 490 65 
82 399 0 194 456 63 459 402 384 358 
244 467 194 0 293 428 80 472 250 344 
366 407 456 293 0 102 378 164 71 309 
196 78 63 428 102 0 226 431 489 53 
260 85 459 80 378 226 0 257 444 373 
312 101 402 472 164 431 257 0 245 78 
142 490 384 250 71 489 444 245 0 188 
182 65 358 344 309 53 373 78 188 0 

169.75 0 1
169.75 1 2
169.75 2 1
169.75 3 7
169.75 4 1
169.75 5 8
169.75 6 3
169.75 7 2
169.75 8 9
169.75 9 8

3595
0 935
1 402
2 562
3 878
4 47
5 892
6 971
7 690
8 586
9 29

10 10 4

0 63 228 270 360 427 80 290 95 361 
63 0 110 320 276 279 457 479 490 188 
228 110 0 306 84 480 346 169 288 470 
270 320 306 0 348 442 403 136 108 151 
360 276 84 348 0 343 241 52 217 487 
427 279 480 442 343 0 240 426 104 152 
80 457 346 403 241 240 0 158 329 136 
290 479 169 136 52 426 158 0 244 222 
95 490 288 108 217 104 329 244 0 301 
361 188 470 151 487 152 136 222 301 0 

208 0 2
208 1 6
208 2 3
208 3 2
208 4 0
208 5 8
208 6 0
208 7 5
208 8 4
208 9 7

4067
0 550
1 663
2 564
3 394
4 706
5 806
6 998
7 336
8 932
9 830

10 10 4

0 237 393 101 95 80 73 87 467 219 
237 0 266 438 496 373 412 299 253 262 
393 266 0 462 179 216 201 415 78 284 
101 438 462 0 356 219 159 68 410 104 
95 496 179 356 0 98 340 366 352 118 
80 373 216 219 98 0 452 119 50 315 
73 412 201 159 340 452 0 239 217 427 
87 299 415 68 366 119 239 0 289 491 
467 253 78 410 352 50 217 289 0 240 
219 262 284 104 118 315 427 491 240 0 

218 0 8
218 1 4
218 2 0
218 3 1
218 4 2
218 5 0
218 6 1
218 7 1
218 8 3
218 9 0

3148
0 954
1 344
2 995
3 481
4 657
5 772
6 707
7 78
8 39
9 221

10 10 4

0 436 68 381 409 318 145 459 363 436 
436 0 280 485 151 85 355 115 444 500 
68 280 0 239 90 91 341 144 260 59 
381 485 239 0 166 287 278 97 54 233 
409 151 90 166 0 320 101 446 218 372 
318 85 91 287 320 0 80 291 247 84 
145 355 341 278 101 80 0 343 385 268 
459 115 144 97 446 291 343 0 409 413 
363 444 260 54 218 247 385 409 0 321 
436 500 59 233 372 84 268 413 321 0 

183 0 7
183 1 6
183 2 3
183 3 5
183 4 7
183 5 8
183 6 4
183 7 6
183 8 0
183 9 3

4387
0 943
1 439
2 846
3 847
4 935
5 896
6 1
7 801
8 619
9 985

10 10 4

0 254 200 303 63 364 134 109 59 273 
254 0 463 269 273 238 235 362 83 286 
200 463 0 162 330 402 489 397 443 187 
303 269 162 0 260 363 109 194 263 309 
63 273 330 260 0 455 354 353 440 496 
364 238 402 363 455 0 65 329 161 257 
134 235 489 109 354 65 0 271 66 253 
109 362 397 194 353 329 271 0 415 397 
59 83 443 263 440 161 66 415 0 120 
273 286 187 309 496 257 253 397 120 0 

209 0 3
209 1 8
209 2 8
209 3 0
209 4 3
209 5 6
209 6 7
209 7 5
209 8 0
209 9 6

1896
0 240
1 864
2 122
3 71
4 199
5 581
6 256
7 543
8 229
9 56

10 10 3

0 463 493 441 383 244 488 154 344 61 
463 0 105 258 472 406 475 71 104 335 
493 105 0 345 492 473 56 344 405 239 
441 258 345 0 494 480 240 55 306 52 
383 472 492 494 0 93 127 74 303 84 
244 406 473 480 93 0 126 416 460 433 
488 475 56 240 127 126 0 179 246 408 
154 71 344 55 74 416 179 0 61 263 
344 104 405 306 303 460 246 61 0 412 
61 335 239 52 84 433 408 263 412 0 

207.24 0 4
207.24 1 3
207.24 2 6
207.24 3 4
207.24 4 8
207.24 5 1
207.24 6 7
207.24 7 8
207.24 8 5
207.24 9 8

3414
0 747
1 695
2 943
3 451
4 766
5 791
6 954
7 96
8 144
9 103

10 10 3

0 306 228 191 96 487 275 133 436 319 
306 0 463 71 84 294 112 282 460 392 
228 463 0 66 76 273 415 381 134 206 
191 71 66 0 262 78 183 297 449 101 
96 84 76 262 0 483 326 429 188 154 
487 294 273 78 483 0 82 306 96 193 
275 112 415 183 326 82 0 294 139 345 
133 282 381 297 429 306 294 0 416 377 
436 460 134 449 188 96 139 416 0 428 
319 392 206 101 154 193 345 377 428 0 

263.67 0 6
263.67 1 8
263.67 2 6
263.67 3 2
263.67 4 5
263.67 5 6
263.67 6 0
263.67 7 6
263.67 8 1
263.67 9 0

2994
0 265
1 17
2 385
3 912
4 1000
5 536
6 744
7 752
8 141
9 239

10 10 3

0 372 439 372 212 168 335 213 452 324 
372 0 373 375 323 142 164 142 352 112 
439 373 0 332 226 283 197 321 413 401 
372 375 332 0 258 60 179 160 79 256 
212 323 226 258 0 54 491 377 498 76 
168 142 283 60 54 0 124 342 492 68 
335 164 197 179 491 124 0 347 401 348 
213 142 321 160 377 342 347 0 372 309 
452 352 413 79 498 492 401 372 0 285 
324 112 401 256 76 68 348 309 285 0 

331.32 0 1
331.32 1 6
331.32 2 1
331.32 3 4
331.32 4 5
331.32 5 6
331.32 6 5
331.32 7 8
331.32 8 7
331.32 9 2

3413
0 185
1 584
2 598
3 769
4 526
5 117
6 242
7 965
8 881
9 822

10 10 3

0 265 115 318 438 202 422 328 202 431 
265 0 162 66 95 296 290 155 389 135 
115 162 0 465 218 459 421 311 148 478 
318 66 465 0 429 264 269 291 417 148 
438 95 218 429 0 196 305 97 210 270 
202 296 459 264 196 0 206 200 260 179 
422 290 421 269 305 206 0 84 442 150 
328 155 311 291 97 200 84 0 226 436 
202 389 148 417 210 260 442 226 0 149 
431 135 478 148 270 179 150 436 149 0 

352.44 0 6
352.44 1 0
352.44 2 3
352.44 3 4
352.44 4 8
352.44 5 3
352.44 6 7
352.44 7 4
352.44 8 4
352.44 9 2

3231
0 470
1 652
2 531
3 906
4 103
5 251
6 988
7 25
8 979
9 480

10 10 3

0 401 308 191 289 74 491 143 319 306 
401 0 297 460 133 484 135 377 200 111 
308 297 0 392 101 393 346 89 205 257 
191 460 392 0 255 159 348 273 426 357 
289 133 101 255 0 217 70 453 458 316 
74 484 393 159 217 0 201 439 208 488 
491 135 346 348 70 201 0 108 116 96 
143 377 89 273 453 439 108 0 174 208 
319 200 205 426 458 208 116 174 0 353 
306 111 257 357 316 488 96 208 353 0 

316.47 0 3
316.47 1 2
316.47 2 7
316.47 3 6
316.47 4 2
316.47 5 6
316.47 6 4
316.47 7 6
316.47 8 2
316.47 9 2

3742
0 304
1 855
2 40
3 713
4 553
5 885
6 637
7 527
8 809
9 915

10 10 3

0 326 494 140 295 59 77 92 181 457 
326 0 406 312 444 394 350 169 377 305 
494 406 0 105 270 465 344 133 289 88 
140 312 105 0 209 327 123 357 213 433 
295 444 270 209 0 357 57 128 126 464 
59 394 465 327 357 0 196 91 195 305 
77 350 344 123 57 196 0 78 303 326 
92 169 133 357 128 91 78 0 389 429 
181 377 289 213 126 195 303 389 0 131 
457 305 88 433 464 305 326 429 131 0 

291.06 0 1
291.06 1 3
291.06 2 4
291.06 3 7
291.06 4 2
291.06 5 7
291.06 6 7
291.06 7 3
291.06 8 2
291.06 9 6

3397
0 914
1 809
2 342
3 482
4 327
5 912
6 142
7 878
8 825
9 32

10 10 3

0 392 393 420 416 452 206 127 93 199 
392 0 259 280 199 307 427 273 83 476 
393 259 0 135 212 273 356 368 148 317 
420 280 135 0 110 463 238 309 435 117 
416 199 212 110 0 345 111 58 182 292 
452 307 273 463 345 0 438 269 113 475 
206 427 356 238 111 438 0 187 110 130 
127 273 368 309 58 269 187 0 168 272 
93 83 148 435 182 113 110 168 0 438 
199 476 317 117 292 475 130 272 438 0 

306.9 0 1
306.9 1 2
306.9 2 5
306.9 3 5
306.9 4 5
306.9 5 3
306.9 6 5
306.9 7 8
306.9 8 2
306.9 9 0

4131
0 666
1 615
2 281
3 688
4 850
5 923
6 543
7 998
8 454
9 868

10 10 3

0 51 169 395 249 169 491 459 319 482 
51 0 475 212 353 270 143 499 479 169 
169 475 0 264 152 217 474 237 87 124 
395 212 264 0 312 352 327 202 76 133 
249 353 152 312 0 293 365 371 147 432 
169 270 217 352 293 0 411 368 61 243 
491 143 474 327 365 411 0 333 421 353 
459 499 237 202 371 368 333 0 65 355 
319 479 87 76 147 61 421 65 0 94 
482 169 124 133 432 243 353 355 94 0 

294.69 0 3
294.69 1 2
294.69 2 0
294.69 3 7
294.69 4 1
294.69 5 8
294.69 6 2
294.69 7 1
294.69 8 0
294.69 9 3

3304
0 723
1 1000
2 224
3 588
4 496
5 570
6 588
7 377
8 643
9 298

10 10 3

0 245 91 77 322 307 154 65 393 69 
245 0 254 360 387 100 321 471 406 193 
91 254 0 232 85 71 124 269 377 399 
77 360 232 0 89 183 214 97 138 311 
322 387 85 89 0 381 175 350 447 233 
307 100 71 183 381 0 375 442 130 206 
154 321 124 214 175 375 0 491 372 118 
65 471 269 97 350 442 491 0 306 461 
393 406 377 138 447 130 372 306 0 339 
69 193 399 311 233 206 118 461 339 0 

265.32 0 2
265.32 1 6
265.32 2 4
265.32 3 8
265.32 4 5
265.32 5 2
265.32 6 1
265.32 7 4
265.32 8 0
265.32 9 0

3046
0 16
1 752
2 539
3 363
4 780
5 185
6 608
7 394
8 536
9 904

10 10 3

0 304 67 50 133 370 457 474 143 175 
304 0 314 410 498 141 208 196 57 445 
67 314 0 426 128 440 195 349 436 395 
50 410 426 0 421 269 74 252 154 460 
133 498 128 421 0 490 168 180 281 365 
370 141 440 269 490 0 240 340 249 471 
457 208 195 74 168 240 0 356 154 100 
474 196 349 252 180 340 356 0 190 60 
143 57 436 154 281 249 154 190 0 239 
175 445 395 460 365 471 100 60 239 0 

270.6 0 1
270.6 1 2
270.6 2 3
270.6 3 4
270.6 4 7
270.6 5 1
270.6 6 7
270.6 7 3
270.6 8 7
270.6 9 0

2525
0 153
1 823
2 455
3 38
4 459
5 519
6 366
7 112
8 920
9 364

10 10 4

0 179 61 486 421 119 217 63 235 310 
179 0 283 154 258 418 134 317 397 440 
61 283 0 290 277 257 245 294 80 233 
486 154 290 0 376 63 267 456 121 87 
421 258 277 376 0 68 144 64 408 315 
119 418 257 63 68 0 434 273 314 302 
217 134 245 267 144 434 0 344 313 211 
63 317 294 456 64 273 344 0 269 72 
235 397 80 121 408 314 313 269 0 71 
310 440 233 87 315 302 211 72 71 0 

244.2 0 7
244.2 1 4
244.2 2 6
244.2 3 6
244.2 4 0
244.2 5 4
244.2 6 2
244.2 7 6
244.2 8 1
244.2 9 1

4023
0 651
1 966
2 741
3 491
4 525
5 324
6 707
7 967
8 540
9 793

10 10 4

0 388 494 231 468 319 298 150 341 353 
388 0 337 436 56 323 279 246 295 339 
494 337 0 440 104 54 64 154 370 437 
231 436 440 0 488 258 459 280 435 407 
468 56 104 488 0 55 301 165 289 327 
319 323 54 258 55 0 292 316 206 462 
298 279 64 459 301 292 0 99 165 436 
150 246 154 280 165 316 99 0 224 331 
341 295 370 435 289 206 165 224 0 219 
353 339 437 407 327 462 436 331 219 0 

360.69 0 4
360.69 1 5
360.69 2 8
360.69 3 8
360.69 4 7
360.69 5 2
360.69 6 0
360.69 7 8
360.69 8 9
360.69 9 7

3803
0 725
1 938
2 785
3 914
4 558
5 975
6 342
7 352
8 306
9 444

10 10 4

0 172 316 428 298 168 175 258 83 346 
172 0 129 363 297 93 284 399 139 136 
316 129 0 375 163 62 197 69 392 234 
428 363 375 0 210 458 110 419 412 215 
298 297 163 210 0 236 321 191 161 297 
168 93 62 458 236 0 122 231 472 353 
175 284 197 110 321 122 0 128 339 465 
258 399 69 419 191 231 128 0 231 309 
83 139 392 412 161 472 339 231 0 66 
346 136 234 215 297 353 465 309 66 0 

297.66 0 5
297.66 1 5
297.66 2 8
297.66 3 8
297.66 4 0
297.66 5 7
297.66 6 4
297.66 7 8
297.66 8 0
297.66 9 6

2563
0 788
1 875
2 79
3 494
4 51
5 870
6 140
7 196
8 500
9 280

10 10 4

0 134 122 419 311 111 255 125 480 419 
134 0 132 362 273 269 408 113 499 500 
122 132 0 221 88 334 62 291 410 167 
419 362 221 0 282 405 219 178 113 458 
311 273 88 282 0 454 216 315 327 488 
111 269 334 405 454 0 78 117 492 435 
255 408 62 219 216 78 0 303 239 433 
125 113 291 178 315 117 303 0 188 77 
480 499 410 113 327 492 239 188 0 339 
419 500 167 458 488 435 433 77 339 0 

309.21 0 1
309.21 1 7
309.21 2 5
309.21 3 7
309.21 4 8
309.21 5 3
309.21 6 8
309.21 7 5
309.21 8 5
309.21 9 8

3735
0 912
1 506
2 830
3 724
4 83
5 548
6 818
7 154
8 671
9 980

10 10 4

0 166 253 175 84 241 365 390 387 379 
166 0 453 233 52 378 434 242 241 175 
253 453 0 207 484 201 186 184 269 386 
175 233 207 0 283 447 298 495 259 118 
84 52 484 283 0 251 461 155 445 408 
241 378 201 447 251 0 231 303 221 334 
365 434 186 298 461 231 0 139 140 203 
390 242 184 495 155 303 139 0 384 315 
387 241 269 259 445 221 140 384 0 280 
379 175 386 118 408 334 203 315 280 0 

411.84 0 5
411.84 1 8
411.84 2 4
411.84 3 6
411.84 4 6
411.84 5 8
411.84 6 5
411.84 7 4
411.84 8 2
411.84 9 7

3483
0 623
1 571
2 891
3 993
4 248
5 483
6 421
7 270
8 335
9 971

10 10 4

0 481 435 327 95 378 176 232 157 340 
481 0 414 322 287 395 373 280 388 215 
435 414 0 361 61 351 77 227 360 344 
327 322 361 0 473 259 329 479 344 352 
95 287 61 473 0 488 187 170 322 395 
378 395 351 259 488 0 307 108 480 221 
176 373 77 329 187 307 0 456 170 453 
232 280 227 479 170 108 456 0 350 452 
157 388 360 344 322 480 170 350 0 186 
340 215 344 352 395 221 453 452 186 0 

438.24 0 2
438.24 1 0
438.24 2 1
438.24 3 0
438.24 4 6
438.24 5 2
438.24 6 1
438.24 7 2
438.24 8 3
438.24 9 5

3976
0 534
1 933
2 627
3 893
4 407
5 715
6 911
7 159
8 682
9 766

10 10 4

0 79 58 485 344 336 427 282 100 142 
79 0 472 165 216 444 152 388 355 163 
58 472 0 115 144 369 421 114 349 401 
485 165 115 0 79 258 136 456 129 236 
344 216 144 79 0 494 103 500 119 192 
336 444 369 258 494 0 106 223 321 443 
427 152 421 136 103 106 0 436 113 387 
282 388 114 456 500 223 436 0 235 268 
100 355 349 129 119 321 113 235 0 200 
142 163 401 236 192 443 387 268 200 0 

295.02 0 1
295.02 1 0
295.02 2 0
295.02 3 7
295.02 4 0
295.02 5 2
295.02 6 2
295.02 7 1
295.02 8 0
295.02 9 6

2280
0 844
1 66
2 739
3 571
4 95
5 472
6 145
7 324
8 521
9 23

10 10 4

0 224 205 366 214 155 276 493 210 171 
224 0 351 256 335 422 167 248 117 132 
205 351 0 412 481 334 228 143 447 69 
366 256 412 0 241 268 162 500 140 359 
214 335 481 241 0 78 141 235 272 80 
155 422 334 268 78 0 378 412 53 381 
276 167 228 162 141 378 0 112 212 280 
493 248 143 500 235 412 112 0 478 364 
210 117 447 140 272 53 212 478 0 355 
171 132 69 359 80 381 280 364 355 0 

311.85 0 6
311.85 1 4
311.85 2 3
311.85 3 6
311.85 4 3
311.85 5 6
311.85 6 3
311.85 7 0
311.85 8 2
311.85 9 1

3543
0 850
1 988
2 453
3 521
4 27
5 781
6 484
7 357
8 876
9 569

10 10 4

0 206 459 475 422 383 405 406 282 243 
206 0 331 375 221 110 495 411 85 296 
459 331 0 398 377 96 216 493 101 295 
475 375 398 0 425 465 391 355 194 119 
422 221 377 425 0 336 114 125 250 221 
383 110 96 465 336 0 71 68 139 384 
405 495 216 391 114 71 0 182 168 180 
406 411 493 355 125 68 182 0 124 474 
282 85 101 194 250 139 168 124 0 104 
243 296 295 119 221 384 180 474 104 0 

318.12 0 2
318.12 1 8
318.12 2 0
318.12 3 4
318.12 4 8
318.12 5 6
318.12 6 1
318.12 7 6
318.12 8 6
318.12 9 8

3608
0 299
1 890
2 865
3 790
4 295
5 839
6 819
7 538
8 27
9 652

10 10 4

0 198 111 330 138 118 246 304 336 254 
198 0 176 99 243 241 291 104 255 365 
111 176 0 418 167 176 332 192 454 71 
330 99 418 0 434 364 132 436 484 371 
138 243 167 434 0 242 471 493 72 298 
118 241 176 364 242 0 387 61 129 139 
246 291 332 132 471 387 0 345 70 319 
304 104 192 436 493 61 345 0 122 180 
336 255 454 484 72 129 70 122 0 210 
254 365 71 371 298 139 319 180 210 0 

273.24 0 6
273.24 1 4
273.24 2 5
273.24 3 7
273.24 4 5
273.24 5 6
273.24 6 7
273.24 7 5
273.24 8 3
273.24 9 5

3058
0 311
1 842
2 161
3 704
4 66
5 597
6 681
7 932
8 558
9 246

10 10 3

0 160 431 212 165 477 282 317 202 479 
160 0 345 266 457 401 101 314 201 102 
431 345 0 99 122 411 268 134 378 267 
212 266 99 0 451 97 100 366 69 307 
165 457 122 451 0 422 231 234 338 259 
477 401 411 97 422 0 428 262 223 450 
282 101 268 100 231 428 0 301 231 207 
317 314 134 366 234 262 301 0 104 170 
202 201 378 69 338 223 231 104 0 497 
479 102 267 307 259 450 207 170 497 0 

477 0 7
477 1 2
477 2 4
477 3 0
477 4 0
477 5 0
477 6 2
477 7 0
477 8 3
477 9 0

3409
0 554
1 943
2 844
3 108
4 889
5 274
6 134
7 845
8 505
9 586

10 10 3

0 97 239 104 433 103 354 309 200 476 
97 0 290 147 166 295 121 105 456 441 
239 290 0 197 485 96 217 467 333 164 
104 147 197 0 362 362 267 362 247 216 
433 166 485 362 0 61 448 470 194 58 
103 295 96 362 61 0 213 452 329 425 
354 121 217 267 448 213 0 305 58 218 
309 105 467 362 470 452 305 0 499 311 
200 456 333 247 194 329 58 499 0 286 
476 441 164 216 58 425 218 311 286 0 

401.5 0 3
401.5 1 5
401.5 2 0
401.5 3 5
401.5 4 5
401.5 5 6
401.5 6 4
401.5 7 0
401.5 8 7
401.5 9 8

2392
0 459
1 834
2 51
3 158
4 200
5 746
6 660
7 414
8 235
9 230

10 10 3

0 466 291 477 309 403 486 138 394 295 
466 0 441 442 395 51 314 446 428 107 
291 441 0 152 53 319 89 145 253 261 
477 442 152 0 137 99 203 241 115 54 
309 395 53 137 0 165 125 290 219 401 
403 51 319 99 165 0 82 156 193 164 
486 314 89 203 125 82 0 264 91 55 
138 446 145 241 290 156 264 0 160 220 
394 428 253 115 219 193 91 160 0 213 
295 107 261 54 401 164 55 220 213 0 

379 0 1
379 1 4
379 2 7
379 3 2
379 4 7
379 5 2
379 6 5
379 7 0
379 8 2
379 9 7

2962
0 747
1 613
2 59
3 515
4 320
5 554
6 396
7 806
8 738
9 190

10 10 3

0 150 251 120 323 213 472 110 187 343 
150 0 407 351 416 125 378 459 79 142 
251 407 0 90 259 467 451 103 189 459 
120 351 90 0 466 270 233 234 494 308 
323 416 259 466 0 337 97 279 487 107 
213 125 467 270 337 0 370 118 302 171 
472 378 451 233 97 370 0 389 113 384 
110 459 103 234 279 118 389 0 337 281 
187 79 189 494 487 302 113 337 0 148 
343 142 459 308 107 171 384 281 148 0 

471 0 1
471 1 2
471 2 3
471 3 4
471 4 7
471 5 3
471 6 1
471 7 4
471 8 1
471 9 7

2763
0 467
1 342
2 485
3 162
4 470
5 980
6 515
7 203
8 858
9 123

10 10 3

0 436 222 80 427 379 292 101 330 246 
436 0 331 115 109 389 285 230 226 184 
222 331 0 360 346 277 225 54 105 485 
80 115 360 0 435 472 175 184 472 299 
427 109 346 435 0 347 272 372 154 119 
379 389 277 472 347 0 79 490 387 120 
292 285 225 175 272 79 0 343 51 187 
101 230 54 184 372 490 343 0 219 102 
330 226 105 472 154 387 51 219 0 91 
246 184 485 299 119 120 187 102 91 0 

391 0 7
391 1 3
391 2 8
391 3 2
391 4 8
391 5 3
391 6 7
391 7 0
391 8 6
391 9 3

3096
0 424
1 304
2 955
3 666
4 908
5 167
6 210
7 331
8 852
9 343

10 10 3

0 373 319 216 271 84 359 236 267 470 
373 0 438 148 326 399 494 353 242 283 
319 438 0 370 230 110 454 490 250 191 
216 148 370 0 157 218 496 151 347 199 
271 326 230 157 0 384 303 285 60 147 
84 399 110 218 384 0 251 294 394 225 
359 494 454 496 303 251 0 95 62 98 
236 353 490 151 285 294 95 0 366 207 
267 242 250 347 60 394 62 366 0 394 
470 283 191 199 147 225 98 207 394 0 

499.5 0 2
499.5 1 2
499.5 2 3
499.5 3 5
499.5 4 0
499.5 5 4
499.5 6 4
499.5 7 2
499.5 8 2
499.5 9 0

3202
0 971
1 24
2 710
3 179
4 153
5 776
6 555
7 604
8 470
9 895

10 10 3

0 104 484 150 350 315 363 98 500 91 
104 0 332 457 303 155 402 330 309 467 
484 332 0 73 290 213 472 215 274 51 
150 457 73 0 244 305 167 396 104 88 
350 303 290 244 0 297 315 96 292 210 
315 155 213 305 297 0 121 110 312 73 
363 402 472 167 315 121 0 444 411 193 
98 330 215 396 96 110 444 0 249 130 
500 309 274 104 292 312 411 249 0 328 
91 467 51 88 210 73 193 130 328 0 

405.5 0 2
405.5 1 5
405.5 2 8
405.5 3 6
405.5 4 2
405.5 5 1
405.5 6 2
405.5 7 8
405.5 8 5
405.5 9 0

3684
0 641
1 844
2 905
3 669
4 640
5 695
6 627
7 215
8 28
9 876

10 10 3

0 466 88 409 389 222 487 82 426 407 
466 0 465 295 105 227 349 334 338 150 
88 465 0 480 479 449 458 183 256 189 
409 295 480 0 408 188 387 407 147 385 
389 105 479 408 0 435 185 356 377 57 
222 227 449 188 435 0 492 139 427 361 
487 349 458 387 185 492 0 146 262 318 
82 334 183 407 356 139 146 0 378 213 
426 338 256 147 377 427 262 378 0 499 
407 150 189 385 57 361 318 213 499 0 

568.5 0 4
568.5 1 3
568.5 2 5
568.5 3 6
568.5 4 2
568.5 5 6
568.5 6 7
568.5 7 6
568.5 8 9
568.5 9 6

3354
0 168
1 957
2 344
3 285
4 710
5 854
6 503
7 784
8 592
9 394

10 10 3

0 438 340 290 253 330 383 366 462 107 
438 0 350 265 118 148 401 226 335 355 
340 350 0 188 271 292 354 162 363 421 
290 265 188 0 179 187 407 489 156 328 
253 118 271 179 0 494 113 431 174 241 
330 148 292 187 494 0 352 106 420 251 
383 401 354 407 113 352 0 359 152 182 
366 226 162 489 431 106 359 0 146 239 
462 335 363 156 174 420 152 146 0 388 
107 355 421 328 241 251 182 239 388 0 

619 0 1
619 1 5
619 2 8
619 3 4
619 4 3
619 5 1
619 6 8
619 7 8
619 8 4
619 9 1

4174
0 809
1 970
2 506
3 661
4 664
5 858
6 66
7 896
8 833
9 695

10 10 3

0 51 421 361 430 103 440 246 84 128 
51 0 255 383 245 272 356 336 79 82 
421 255 0 296 176 406 150 482 372 491 
361 383 296 0 349 165 121 431 86 255 
430 245 176 349 0 193 301 278 451 382 
103 272 406 165 193 0 488 89 126 93 
440 356 150 121 301 488 0 468 153 233 
246 336 482 431 278 89 468 0 89 494 
84 79 372 86 451 126 153 89 0 208 
128 82 491 255 382 93 233 494 208 0 

461.5 0 1
461.5 1 8
461.5 2 5
461.5 3 4
461.5 4 0
461.5 5 8
461.5 6 5
461.5 7 0
461.5 8 6
461.5 9 7

2428
0 544
1 123
2 835
3 762
4 181
5 74
6 780
7 95
8 94
9 560

10 10 4

0 144 341 111 190 478 306 121 205 191 
144 0 203 132 375 185 354 488 364 257 
341 203 0 233 390 101 425 316 99 367 
111 132 233 0 473 266 489 59 300 80 
190 375 390 473 0 175 348 492 204 437 
478 185 101 266 175 0 340 93 252 100 
306 354 425 489 348 340 0 436 117 215 
121 488 316 59 492 93 436 0 493 488 
205 364 99 300 204 252 117 493 0 317 
191 257 367 80 437 100 215 488 317 0 

483.5 0 1
483.5 1 4
483.5 2 1
483.5 3 4
483.5 4 1
483.5 5 1
483.5 6 5
483.5 7 8
483.5 8 7
483.5 9 3

3679
0 962
1 495
2 337
3 247
4 957
5 239
6 785
7 852
8 883
9 375

10 10 4

0 81 410 223 272 395 402 126 252 279 
81 0 340 321 327 313 294 487 184 434 
410 340 0 410 320 165 437 336 80 154 
223 321 410 0 474 358 324 304 283 305 
272 327 320 474 0 386 488 231 300 408 
395 313 165 358 386 0 460 267 370 499 
402 294 437 324 488 460 0 284 456 117 
126 487 336 304 231 267 284 0 328 279 
252 184 80 283 300 370 456 328 0 113 
279 434 154 305 408 499 117 279 113 0 

660 0 7
660 1 6
660 2 8
660 3 1
660 4 5
660 5 7
660 6 8
660 7 6
660 8 0
660 9 5

4245
0 459
1 205
2 788
3 980
4 709
5 676
6 1000
7 941
8 444
9 873

10 10 4

0 297 475 81 111 172 427 204 244 410 
297 0 120 227 216 295 219 91 332 340 
475 120 0 462 468 172 154 281 415 199 
81 227 462 0 187 312 495 300 492 377 
111 216 468 187 0 400 204 251 307 233 
172 295 172 312 400 0 217 88 242 77 
427 219 154 495 204 217 0 111 279 172 
204 91 281 300 251 88 111 0 484 355 
244 332 415 492 307 242 279 484 0 340 
410 340 199 377 233 77 172 355 340 0 

546.5 0 3
546.5 1 8
546.5 2 0
546.5 3 4
546.5 4 3
546.5 5 6
546.5 6 8
546.5 7 5
546.5 8 0
546.5 9 2

2453
0 963
1 732
2 317
3 248
4 172
5 195
6 390
7 393
8 486
9 193

10 10 4

0 191 174 459 374 138 107 213 288 218 
191 0 87 369 360 365 367 415 365 224 
174 87 0 369 175 231 298 316 313 423 
459 369 369 0 322 184 436 302 186 344 
374 360 175 322 0 271 428 397 489 496 
138 365 231 184 271 0 344 198 350 267 
107 367 298 436 428 344 0 314 144 415 
213 415 316 302 397 198 314 0 113 433 
288 365 313 186 489 350 144 113 0 157 
218 224 423 344 496 267 415 433 157 0 

639.5 0 5
639.5 1 0
639.5 2 3
639.5 3 5
639.5 4 7
639.5 5 7
639.5 6 1
639.5 7 0
639.5 8 0
639.5 9 7

2749
0 19
1 620
2 884
3 586
4 96
5 760
6 484
7 24
8 313
9 796

10 10 4

0 110 175 374 186 156 253 303 359 285 
110 0 203 169 305 82 289 418 115 184 
175 203 0 274 470 203 429 473 151 127 
374 169 274 0 486 86 168 199 419 254 
186 305 470 486 0 212 221 100 447 376 
156 82 203 86 212 0 293 337 305 440 
253 289 429 168 221 293 0 390 292 494 
303 418 473 199 100 337 390 0 115 78 
359 115 151 419 447 305 292 115 0 476 
285 184 127 254 376 440 494 78 476 0 

490.5 0 1
490.5 1 5
490.5 2 5
490.5 3 5
490.5 4 7
490.5 5 8
490.5 6 2
490.5 7 8
490.5 8 1
490.5 9 1

2587
0 834
1 68
2 846
3 648
4 335
5 884
6 77
7 92
8 414
9 115

10 10 4

0 315 366 411 61 347 268 172 313 55 
315 0 355 224 349 394 356 129 277 256 
366 355 0 176 122 308 373 319 319 128 
411 224 176 0 72 481 261 463 334 334 
61 349 122 72 0 227 141 442 349 485 
347 394 308 481 227 0 349 217 173 426 
268 356 373 261 141 349 0 301 244 435 
172 129 319 463 442 217 301 0 280 292 
313 277 319 334 349 173 244 280 0 162 
55 256 128 334 485 426 435 292 162 0 

543.5 0 6
543.5 1 4
543.5 2 3
543.5 3 7
543.5 4 7
543.5 5 7
543.5 6 3
543.5 7 1
543.5 8 5
543.5 9 0

3221
0 783
1 811
2 312
3 502
4 867
5 931
6 783
7 173
8 193
9 14

10 10 4

0 319 92 119 389 102 314 116 98 125 
319 0 282 111 152 99 500 57 306 80 
92 282 0 265 320 274 310 146 373 268 
119 111 265 0 268 308 248 307 367 152 
389 152 320 268 0 385 291 242 104 299 
102 99 274 308 385 0 422 412 361 320 
314 500 310 248 291 422 0 102 436 201 
116 57 146 307 242 412 102 0 166 279 
98 306 373 367 104 361 436 166 0 335 
125 80 268 152 299 320 201 279 335 0 

422.5 0 5
422.5 1 4
422.5 2 7
422.5 3 7
422.5 4 5
422.5 5 6
422.5 6 1
422.5 7 1
422.5 8 1
422.5 9 6

3007
0 668
1 591
2 368
3 614
4 280
5 227
6 352
7 229
8 793
9 891

10 10 4

0 370 287 422 50 343 88 238 259 403 
370 0 238 335 201 421 379 199 415 464 
287 238 0 250 305 437 214 88 258 393 
422 335 250 0 362 374 447 290 335 207 
50 201 305 362 0 395 157 196 201 325 
343 421 437 374 395 0 499 370 446 442 
88 379 214 447 157 499 0 226 256 334 
238 199 88 290 196 370 226 0 486 468 
259 415 258 335 201 446 256 486 0 315 
403 464 393 207 325 442 334 468 315 0 

811 0 8
811 1 6
811 2 1
811 3 4
811 4 0
811 5 1
811 6 7
811 7 8
811 8 6
811 9 8

3306
0 891
1 12
2 734
3 998
4 590
5 344
6 829
7 84
8 826
9 202

10 10 4

0 393 108 325 83 322 294 61 308 485 
393 0 261 74 359 274 109 289 154 265 
108 261 0 175 82 137 108 480 148 302 
325 74 175 0 235 285 127 404 407 67 
83 359 82 235 0 166 76 204 420 450 
322 274 137 285 166 0 129 242 360 330 
294 109 108 127 76 129 0 257 232 291 
61 289 480 404 204 242 257 0 444 294 
308 154 148 407 420 360 232 444 0 114 
485 265 302 67 450 330 291 294 114 0 

397.5 0 1
397.5 1 2
397.5 2 1
397.5 3 1
397.5 4 2
397.5 5 6
397.5 6 8
397.5 7 1
397.5 8 3
397.5 9 8

3161
0 878
1 941
2 249
3 415
4 840
5 183
6 542
7 292
8 92
9 837

10 10 4

0 493 313 249 348 208 171 490 90 68 
493 0 436 120 477 365 336 373 332 92 
313 436 0 296 215 398 203 354 131 397 
249 120 296 0 414 179 169 418 82 441 
348 477 215 414 0 374 129 451 144 456 
208 365 398 179 374 0 475 223 273 312 
171 336 203 169 129 475 0 181 489 305 
490 373 354 418 451 223 181 0 214 109 
90 332 131 82 144 273 489 214 0 441 
68 92 397 441 456 312 305 109 441 0 

512 0 6
512 1 2
512 2 4
512 3 4
512 4 2
512 5 8
512 6 8
512 7 3
512 8 1
512 9 3

3055
0 501
1 583
2 179
3 439
4 388
5 847
6 724
7 368
8 941
9 122

