20 20 3

0 289 265 165 454 71 418 87 112 152 163 141 197 406 374 300 445 152 448 495 
289 0 429 315 216 318 351 432 268 176 392 493 258 345 349 115 222 293 71 399 
265 429 0 323 182 432 149 139 401 219 144 482 216 383 152 50 286 236 73 392 
165 315 323 0 455 141 209 90 351 492 262 463 366 271 67 376 293 478 458 205 
454 216 182 455 0 148 65 246 483 337 307 311 249 262 248 471 324 263 268 448 
71 318 432 141 148 0 206 268 330 240 366 456 52 227 192 345 60 80 489 268 
418 351 149 209 65 206 0 372 222 309 418 363 312 274 214 258 247 235 389 87 
87 432 139 90 246 268 372 0 53 268 345 161 264 231 456 241 466 211 177 247 
112 268 401 351 483 330 222 53 0 87 297 194 478 318 358 313 224 343 275 101 
152 176 219 492 337 240 309 268 87 0 263 399 105 267 286 435 202 169 105 358 
163 392 144 262 307 366 418 345 297 263 0 90 377 419 204 466 79 176 239 202 
141 493 482 463 311 456 363 161 194 399 90 0 369 280 116 494 217 93 127 123 
197 258 216 366 249 52 312 264 478 105 377 369 0 284 304 459 112 127 282 106 
406 345 383 271 262 227 274 231 318 267 419 280 284 0 418 439 146 321 426 150 
374 349 152 67 248 192 214 456 358 286 204 116 304 418 0 413 227 456 229 351 
300 115 50 376 471 345 258 241 313 435 466 494 459 439 413 0 236 71 281 336 
445 222 286 293 324 60 247 466 224 202 79 217 112 146 227 236 0 493 368 107 
152 293 236 478 263 80 235 211 343 169 176 93 127 321 456 71 493 0 207 325 
448 71 73 458 268 489 389 177 275 105 239 127 282 426 229 281 368 207 0 325 
495 399 392 205 448 268 87 247 101 358 202 123 106 150 351 336 107 325 325 0 

370 0 17
370 1 4
370 2 3
370 3 5
370 4 1
370 5 6
370 6 2
370 7 8
370 8 18
370 9 12
370 10 17
370 11 13
370 12 16
370 13 5
370 14 17
370 15 1
370 16 7
370 17 2
370 18 11
370 19 0

4768
0 274
1 912
2 851
3 152
4 74
5 146
6 68
7 151
8 724
9 912
10 177
11 658
12 608
13 908
14 283
15 590
16 27
17 838
18 685
19 498

20 20 3

0 429 446 258 315 369 439 365 286 354 454 101 356 250 463 281 281 372 188 417 
429 0 105 52 338 378 56 92 173 408 441 317 499 95 477 321 287 113 68 357 
446 105 0 412 225 91 86 203 425 372 91 167 230 490 449 318 150 116 328 467 
258 52 412 0 140 174 468 366 422 78 490 329 228 115 284 363 257 234 485 62 
315 338 225 140 0 341 325 409 326 498 164 309 284 267 172 278 235 97 154 329 
369 378 91 174 341 0 270 292 236 448 366 497 434 224 478 363 140 429 246 284 
439 56 86 468 325 270 0 71 386 162 466 460 382 230 347 352 379 85 178 388 
365 92 203 366 409 292 71 0 328 295 479 437 396 142 377 343 419 390 323 473 
286 173 425 422 326 236 386 328 0 328 408 322 228 482 414 130 193 265 284 71 
354 408 372 78 498 448 162 295 328 0 169 195 209 497 281 75 463 318 308 489 
454 441 91 490 164 366 466 479 408 169 0 323 349 259 367 72 332 169 358 60 
101 317 167 329 309 497 460 437 322 195 323 0 375 311 347 222 424 194 168 89 
356 499 230 228 284 434 382 396 228 209 349 375 0 61 162 264 329 81 100 375 
250 95 490 115 267 224 230 142 482 497 259 311 61 0 263 275 385 150 156 405 
463 477 449 284 172 478 347 377 414 281 367 347 162 263 0 188 292 332 491 314 
281 321 318 363 278 363 352 343 130 75 72 222 264 275 188 0 298 312 370 410 
281 287 150 257 235 140 379 419 193 463 332 424 329 385 292 298 0 387 222 389 
372 113 116 234 97 429 85 390 265 318 169 194 81 150 332 312 387 0 224 174 
188 68 328 485 154 246 178 323 284 308 358 168 100 156 491 370 222 224 0 362 
417 357 467 62 329 284 388 473 71 489 60 89 375 405 314 410 389 174 362 0 

395 0 11
395 1 2
395 2 13
395 3 6
395 4 11
395 5 13
395 6 8
395 7 17
395 8 1
395 9 12
395 10 4
395 11 2
395 12 1
395 13 3
395 14 7
395 15 7
395 16 8
395 17 15
395 18 19
395 19 6

4257
0 879
1 943
2 40
3 115
4 317
5 637
6 688
7 24
8 819
9 315
10 15
11 290
12 653
13 936
14 639
15 127
16 640
17 82
18 178
19 178

20 20 3

0 125 462 371 391 314 436 110 313 352 229 438 120 290 66 120 459 201 156 498 
125 0 382 336 452 154 136 195 348 111 193 401 156 469 334 100 443 395 448 375 
462 382 0 286 382 218 266 289 478 59 281 444 52 188 301 196 317 353 123 296 
371 336 286 0 65 166 309 219 144 233 201 300 129 325 78 62 292 214 207 66 
391 452 382 65 0 185 304 259 309 333 453 213 95 92 138 97 450 442 328 181 
314 154 218 166 185 0 423 375 115 323 84 498 335 407 241 372 345 431 471 179 
436 136 266 309 304 423 0 362 221 337 124 484 158 260 148 200 380 120 113 130 
110 195 289 219 259 375 362 0 351 51 62 63 383 162 245 372 397 69 158 464 
313 348 478 144 309 115 221 351 0 195 436 62 92 345 243 170 200 100 317 378 
352 111 59 233 333 323 337 51 195 0 119 98 303 368 434 107 124 384 404 106 
229 193 281 201 453 84 124 62 436 119 0 234 318 312 290 338 140 114 436 59 
438 401 444 300 213 498 484 63 62 98 234 0 236 144 78 282 340 333 191 83 
120 156 52 129 95 335 158 383 92 303 318 236 0 287 298 158 121 492 248 230 
290 469 188 325 92 407 260 162 345 368 312 144 287 0 379 205 375 269 386 165 
66 334 301 78 138 241 148 245 243 434 290 78 298 379 0 301 138 340 98 482 
120 100 196 62 97 372 200 372 170 107 338 282 158 205 301 0 450 450 349 304 
459 443 317 292 450 345 380 397 200 124 140 340 121 375 138 450 0 418 445 79 
201 395 353 214 442 431 120 69 100 384 114 333 492 269 340 450 418 0 469 65 
156 448 123 207 328 471 113 158 317 404 436 191 248 386 98 349 445 469 0 274 
498 375 296 66 181 179 130 464 378 106 59 83 230 165 482 304 79 65 274 0 

344 0 12
344 1 17
344 2 1
344 3 7
344 4 0
344 5 2
344 6 11
344 7 12
344 8 4
344 9 3
344 10 8
344 11 16
344 12 2
344 13 5
344 14 9
344 15 16
344 16 17
344 17 18
344 18 16
344 19 1

5234
0 482
1 941
2 927
3 857
4 187
5 458
6 146
7 506
8 289
9 143
10 180
11 237
12 794
13 483
14 319
15 873
16 905
17 207
18 867
19 667

20 20 3

0 426 375 216 197 338 113 322 355 178 436 51 174 244 440 193 323 386 339 224 
426 0 293 104 358 493 71 388 341 106 92 354 194 354 201 189 383 237 115 153 
375 293 0 165 401 298 364 334 64 334 484 193 161 375 366 466 337 57 226 83 
216 104 165 0 419 134 471 461 488 78 299 282 214 404 344 54 230 146 226 457 
197 358 401 419 0 452 471 100 215 475 62 209 430 191 217 139 248 83 219 72 
338 493 298 134 452 0 125 72 63 378 454 484 342 416 421 75 388 289 101 265 
113 71 364 471 471 125 0 74 203 278 131 296 91 452 224 135 398 232 495 183 
322 388 334 461 100 72 74 0 476 272 91 196 414 313 118 494 376 76 391 176 
355 341 64 488 215 63 203 476 0 463 97 198 113 417 81 217 111 212 214 328 
178 106 334 78 475 378 278 272 463 0 171 310 53 305 388 50 466 232 200 279 
436 92 484 299 62 454 131 91 97 171 0 349 349 456 498 201 407 227 109 422 
51 354 193 282 209 484 296 196 198 310 349 0 155 199 373 236 206 398 407 212 
174 194 161 214 430 342 91 414 113 53 349 155 0 220 186 418 219 356 248 256 
244 354 375 404 191 416 452 313 417 305 456 199 220 0 167 456 487 389 151 468 
440 201 366 344 217 421 224 118 81 388 498 373 186 167 0 191 342 296 292 484 
193 189 466 54 139 75 135 494 217 50 201 236 418 456 191 0 336 385 191 432 
323 383 337 230 248 388 398 376 111 466 407 206 219 487 342 336 0 271 365 400 
386 237 57 146 83 289 232 76 212 232 227 398 356 389 296 385 271 0 145 202 
339 115 226 226 219 101 495 391 214 200 109 407 248 151 292 191 365 145 0 239 
224 153 83 457 72 265 183 176 328 279 422 212 256 468 484 432 400 202 239 0 

364.5 0 5
364.5 1 2
364.5 2 3
364.5 3 14
364.5 4 8
364.5 5 6
364.5 6 1
364.5 7 6
364.5 8 9
364.5 9 7
364.5 10 8
364.5 11 13
364.5 12 4
364.5 13 9
364.5 14 6
364.5 15 10
364.5 16 7
364.5 17 15
364.5 18 8
364.5 19 2

5334
0 989
1 43
2 917
3 239
4 657
5 7
6 681
7 930
8 182
9 748
10 614
11 912
12 871
13 184
14 366
15 18
16 361
17 632
18 832
19 486

20 20 3

0 442 194 154 344 278 360 311 129 92 116 443 425 78 71 156 442 465 258 186 
442 0 423 157 88 390 404 322 263 432 288 409 236 190 426 267 358 224 88 457 
194 423 0 390 289 295 394 114 318 65 290 366 490 322 460 168 444 497 163 300 
154 157 390 0 497 388 74 407 277 88 460 467 440 444 226 409 368 373 133 268 
344 88 289 497 0 189 212 465 163 184 69 244 274 145 119 51 73 225 476 126 
278 390 295 388 189 0 289 140 447 500 209 335 173 114 67 308 169 304 411 317 
360 404 394 74 212 289 0 74 137 428 455 491 439 180 150 437 437 66 353 425 
311 322 114 407 465 140 74 0 270 429 86 471 201 371 306 445 297 376 180 469 
129 263 318 277 163 447 137 270 0 387 237 449 308 56 263 403 269 414 176 96 
92 432 65 88 184 500 428 429 387 0 69 194 81 88 90 50 449 66 124 206 
116 288 290 460 69 209 455 86 237 69 0 108 475 236 286 124 59 206 365 491 
443 409 366 467 244 335 491 471 449 194 108 0 303 229 142 273 65 393 485 474 
425 236 490 440 274 173 439 201 308 81 475 303 0 489 235 56 235 280 81 296 
78 190 322 444 145 114 180 371 56 88 236 229 489 0 438 370 358 75 450 248 
71 426 460 226 119 67 150 306 263 90 286 142 235 438 0 216 251 315 205 62 
156 267 168 409 51 308 437 445 403 50 124 273 56 370 216 0 379 221 255 166 
442 358 444 368 73 169 437 297 269 449 59 65 235 358 251 379 0 140 446 332 
465 224 497 373 225 304 66 376 414 66 206 393 280 75 315 221 140 0 284 244 
258 88 163 133 476 411 353 180 176 124 365 485 81 450 205 255 446 284 0 283 
186 457 300 268 126 317 425 469 96 206 491 474 296 248 62 166 332 244 283 0 

318.25 0 7
318.25 1 12
318.25 2 11
318.25 3 17
318.25 4 3
318.25 5 10
318.25 6 18
318.25 7 8
318.25 8 14
318.25 9 10
318.25 10 9
318.25 11 5
318.25 12 1
318.25 13 8
318.25 14 5
318.25 15 7
318.25 16 4
318.25 17 10
318.25 18 16
318.25 19 10

5572
0 960
1 773
2 549
3 206
4 86
5 507
6 645
7 917
8 623
9 979
10 254
11 640
12 116
13 40
14 180
15 547
16 777
17 882
18 512
19 952

20 20 3

0 163 199 137 356 99 124 66 231 358 325 188 286 278 221 354 174 314 263 315 
163 0 294 201 317 177 314 119 139 249 465 216 287 227 160 217 425 444 491 330 
199 294 0 249 80 179 100 115 365 463 454 264 90 333 495 328 222 241 50 478 
137 201 249 0 99 215 226 276 344 144 132 249 455 262 312 497 284 67 209 285 
356 317 80 99 0 348 325 163 288 298 190 397 137 73 89 201 175 352 70 274 
99 177 179 215 348 0 265 390 159 268 485 353 94 246 335 55 240 453 216 275 
124 314 100 226 325 265 0 355 187 478 347 114 429 71 304 86 79 103 166 396 
66 119 115 276 163 390 355 0 195 184 413 448 114 398 82 169 460 471 131 350 
231 139 365 344 288 159 187 195 0 189 103 140 228 140 375 285 250 237 257 150 
358 249 463 144 298 268 478 184 189 0 168 430 118 237 465 489 111 298 86 347 
325 465 454 132 190 485 347 413 103 168 0 341 389 162 169 190 91 161 68 391 
188 216 264 249 397 353 114 448 140 430 341 0 193 340 420 390 421 126 424 113 
286 287 90 455 137 94 429 114 228 118 389 193 0 341 149 128 230 376 313 222 
278 227 333 262 73 246 71 398 140 237 162 340 341 0 233 134 461 245 431 153 
221 160 495 312 89 335 304 82 375 465 169 420 149 233 0 51 70 334 445 104 
354 217 328 497 201 55 86 169 285 489 190 390 128 134 51 0 413 257 464 429 
174 425 222 284 175 240 79 460 250 111 91 421 230 461 70 413 0 376 378 68 
314 444 241 67 352 453 103 471 237 298 161 126 376 245 334 257 376 0 218 331 
263 491 50 209 70 216 166 131 257 86 68 424 313 431 445 464 378 218 0 352 
315 330 478 285 274 275 396 350 150 347 391 113 222 153 104 429 68 331 352 0 

370 0 16
370 1 13
370 2 4
370 3 2
370 4 1
370 5 14
370 6 17
370 7 14
370 8 11
370 9 4
370 10 9
370 11 9
370 12 13
370 13 17
370 14 15
370 15 14
370 16 13
370 17 3
370 18 12
370 19 10

4661
0 604
1 371
2 376
3 854
4 278
5 568
6 440
7 477
8 28
9 114
10 40
11 305
12 817
13 824
14 471
15 622
16 271
17 809
18 392
19 662

20 20 3

0 409 165 473 283 324 124 305 359 72 451 374 401 444 481 259 72 110 138 181 
409 0 164 93 473 176 327 66 117 436 266 352 258 446 389 414 131 436 497 282 
165 164 0 267 493 438 50 134 435 455 156 413 273 462 384 144 377 455 478 50 
473 93 267 0 113 138 398 249 268 64 207 291 111 472 156 351 411 411 327 459 
283 473 493 113 0 103 216 100 232 255 163 211 479 268 124 357 221 293 238 497 
324 176 438 138 103 0 410 300 98 485 78 237 478 136 428 89 239 251 332 85 
124 327 50 398 216 410 0 210 447 397 116 432 95 273 263 313 486 430 242 337 
305 66 134 249 100 300 210 0 276 192 175 185 132 382 333 329 148 121 262 363 
359 117 435 268 232 98 447 276 0 329 302 419 169 461 407 64 208 265 337 149 
72 436 455 64 255 485 397 192 329 0 407 236 131 332 81 155 74 85 431 305 
451 266 156 207 163 78 116 175 302 407 0 338 289 294 67 101 54 379 267 369 
374 352 413 291 211 237 432 185 419 236 338 0 142 251 384 396 239 160 187 479 
401 258 273 111 479 478 95 132 169 131 289 142 0 493 126 115 298 357 453 111 
444 446 462 472 268 136 273 382 461 332 294 251 493 0 356 383 144 469 371 213 
481 389 384 156 124 428 263 333 407 81 67 384 126 356 0 189 72 55 247 231 
259 414 144 351 357 89 313 329 64 155 101 396 115 383 189 0 154 380 389 88 
72 131 377 411 221 239 486 148 208 74 54 239 298 144 72 154 0 99 81 247 
110 436 455 411 293 251 430 121 265 85 379 160 357 469 55 380 99 0 365 420 
138 497 478 327 238 332 242 262 337 431 267 187 453 371 247 389 81 365 0 370 
181 282 50 459 497 85 337 363 149 305 369 479 111 213 231 88 247 420 370 0 

378 0 12
378 1 12
378 2 5
378 3 1
378 4 18
378 5 12
378 6 11
378 7 18
378 8 10
378 9 1
378 10 16
378 11 8
378 12 13
378 13 14
378 14 9
378 15 11
378 16 13
378 17 6
378 18 4
378 19 11

5072
0 454
1 515
2 946
3 41
4 166
5 309
6 883
7 895
8 338
9 990
10 313
11 750
12 96
13 430
14 700
15 460
16 884
17 424
18 508
19 43

20 20 3

0 466 110 200 382 492 500 199 156 399 241 417 444 326 231 428 488 182 259 312 
466 0 185 171 416 484 418 252 323 116 224 69 377 191 138 463 332 237 274 61 
110 185 0 349 95 395 380 306 208 175 194 116 462 300 364 419 85 343 247 229 
200 171 349 0 57 405 437 401 329 444 328 64 325 110 209 361 332 250 454 305 
382 416 95 57 0 108 177 83 383 123 160 382 76 227 323 495 195 232 342 369 
492 484 395 405 108 0 52 67 344 166 78 389 85 316 259 109 244 158 113 393 
500 418 380 437 177 52 0 148 479 183 330 429 198 96 152 368 362 324 263 154 
199 252 306 401 83 67 148 0 260 469 66 210 416 69 407 104 160 493 316 238 
156 323 208 329 383 344 479 260 0 277 487 478 260 439 427 493 103 151 357 140 
399 116 175 444 123 166 183 469 277 0 343 479 425 322 184 390 268 213 206 375 
241 224 194 328 160 78 330 66 487 343 0 189 157 136 189 150 86 143 430 412 
417 69 116 64 382 389 429 210 478 479 189 0 434 209 462 62 237 370 318 82 
444 377 462 325 76 85 198 416 260 425 157 434 0 203 332 329 163 248 431 428 
326 191 300 110 227 316 96 69 439 322 136 209 203 0 105 422 255 271 354 171 
231 138 364 209 323 259 152 407 427 184 189 462 332 105 0 148 275 468 450 63 
428 463 419 361 495 109 368 104 493 390 150 62 329 422 148 0 425 443 374 381 
488 332 85 332 195 244 362 160 103 268 86 237 163 255 275 425 0 102 404 331 
182 237 343 250 232 158 324 493 151 213 143 370 248 271 468 443 102 0 406 355 
259 274 247 454 342 113 263 316 357 206 430 318 431 354 450 374 404 406 0 445 
312 61 229 305 369 393 154 238 140 375 412 82 428 171 63 381 331 355 445 0 

376 0 14
376 1 16
376 2 12
376 3 9
376 4 10
376 5 0
376 6 1
376 7 8
376 8 6
376 9 0
376 10 18
376 11 2
376 12 2
376 13 14
376 14 15
376 15 6
376 16 17
376 17 3
376 18 15
376 19 8

4514
0 989
1 215
2 906
3 610
4 155
5 858
6 342
7 170
8 164
9 480
10 81
11 324
12 656
13 848
14 485
15 530
16 165
17 440
18 132
19 479

20 20 3

0 98 267 337 350 226 302 145 360 275 416 475 258 416 283 435 396 188 179 160 
98 0 457 194 282 207 264 337 298 57 422 385 284 217 53 280 442 112 176 187 
267 457 0 127 408 289 254 411 485 197 245 117 487 207 406 394 496 318 452 149 
337 194 127 0 412 440 168 133 164 390 376 414 161 317 125 101 400 239 456 293 
350 282 408 412 0 162 244 403 64 175 297 451 173 226 306 195 347 465 332 472 
226 207 289 440 162 0 427 199 198 129 195 365 369 305 178 318 327 135 389 277 
302 264 254 168 244 427 0 440 208 96 302 155 447 299 89 465 205 203 78 394 
145 337 411 133 403 199 440 0 416 170 392 115 427 144 90 463 231 427 490 149 
360 298 485 164 64 198 208 416 0 275 483 136 489 279 371 494 367 128 197 402 
275 57 197 390 175 129 96 170 275 0 212 303 221 183 407 269 452 422 302 351 
416 422 245 376 297 195 302 392 483 212 0 273 342 212 420 468 308 150 361 283 
475 385 117 414 451 365 155 115 136 303 273 0 411 192 239 137 273 422 157 178 
258 284 487 161 173 369 447 427 489 221 342 411 0 134 353 498 372 175 134 457 
416 217 207 317 226 305 299 144 279 183 212 192 134 0 346 151 254 458 285 168 
283 53 406 125 306 178 89 90 371 407 420 239 353 346 0 55 126 184 295 305 
435 280 394 101 195 318 465 463 494 269 468 137 498 151 55 0 217 70 196 408 
396 442 496 400 347 327 205 231 367 452 308 273 372 254 126 217 0 399 102 124 
188 112 318 239 465 135 203 427 128 422 150 422 175 458 184 70 399 0 240 343 
179 176 452 456 332 389 78 490 197 302 361 157 134 285 295 196 102 240 0 53 
160 187 149 293 472 277 394 149 402 351 283 178 457 168 305 408 124 343 53 0 

454.25 0 14
454.25 1 10
454.25 2 14
454.25 3 12
454.25 4 10
454.25 5 6
454.25 6 9
454.25 7 0
454.25 8 0
454.25 9 7
454.25 10 14
454.25 11 2
454.25 12 3
454.25 13 15
454.25 14 9
454.25 15 16
454.25 16 7
454.25 17 8
454.25 18 13
454.25 19 16

4210
0 389
1 871
2 399
3 63
4 644
5 350
6 732
7 571
8 190
9 440
10 520
11 457
12 68
13 969
14 190
15 104
16 598
17 142
18 644
19 80

20 20 3

0 481 414 158 169 488 400 232 105 64 80 50 399 174 102 398 311 178 397 130 
481 0 396 370 485 447 407 174 143 276 99 56 200 305 256 278 69 131 219 73 
414 396 0 63 344 50 57 324 399 117 73 459 198 387 482 263 280 393 279 290 
158 370 63 0 462 394 290 67 292 358 87 287 466 324 368 445 67 330 250 458 
169 485 344 462 0 313 421 477 57 444 339 111 265 409 393 158 257 239 128 287 
488 447 50 394 313 0 361 80 294 311 444 101 141 370 404 275 354 374 146 234 
400 407 57 290 421 361 0 80 156 60 398 186 484 148 266 87 410 123 282 120 
232 174 324 67 477 80 80 0 133 444 277 109 482 337 92 432 161 170 493 471 
105 143 399 292 57 294 156 133 0 411 324 315 292 127 308 183 326 57 272 124 
64 276 117 358 444 311 60 444 411 0 221 186 150 154 438 164 208 237 251 123 
80 99 73 87 339 444 398 277 324 221 0 216 61 295 63 79 419 407 421 137 
50 56 459 287 111 101 186 109 315 186 216 0 97 364 156 470 470 233 52 276 
399 200 198 466 265 141 484 482 292 150 61 97 0 423 177 241 222 184 104 352 
174 305 387 324 409 370 148 337 127 154 295 364 423 0 252 391 74 53 100 484 
102 256 482 368 393 404 266 92 308 438 63 156 177 252 0 471 147 411 181 445 
398 278 263 445 158 275 87 432 183 164 79 470 241 391 471 0 180 446 185 337 
311 69 280 67 257 354 410 161 326 208 419 470 222 74 147 180 0 72 200 440 
178 131 393 330 239 374 123 170 57 237 407 233 184 53 411 446 72 0 217 279 
397 219 279 250 128 146 282 493 272 251 421 52 104 100 181 185 200 217 0 434 
130 73 290 458 287 234 120 471 124 123 137 276 352 484 445 337 440 279 434 0 

293.5 0 9
293.5 1 15
293.5 2 14
293.5 3 12
293.5 4 8
293.5 5 18
293.5 6 14
293.5 7 12
293.5 8 0
293.5 9 4
293.5 10 13
293.5 11 8
293.5 12 11
293.5 13 0
293.5 14 13
293.5 15 6
293.5 16 11
293.5 17 8
293.5 18 4
293.5 19 8

4715
0 901
1 850
2 209
3 338
4 360
5 306
6 703
7 90
8 357
9 233
10 273
11 169
12 811
13 989
14 635
15 438
16 461
17 865
18 15
19 428

20 20 4

0 235 61 462 162 95 268 72 421 408 113 431 326 125 270 130 387 438 205 343 
235 0 430 363 406 279 371 346 175 192 133 185 453 60 461 419 208 348 109 113 
61 430 0 169 108 370 139 125 153 367 239 348 345 89 100 478 50 175 143 254 
462 363 169 0 392 457 217 402 155 466 410 448 192 399 341 162 348 307 252 246 
162 406 108 392 0 407 171 66 393 290 57 312 174 340 56 250 465 97 169 467 
95 279 370 457 407 0 214 237 289 413 117 473 134 119 253 488 341 163 66 152 
268 371 139 217 171 214 0 67 323 451 330 307 311 67 373 409 354 215 172 228 
72 346 125 402 66 237 67 0 255 159 79 173 331 244 215 149 217 403 394 390 
421 175 153 155 393 289 323 255 0 369 169 365 243 500 97 327 420 196 488 477 
408 192 367 466 290 413 451 159 369 0 405 95 180 409 271 478 275 192 69 442 
113 133 239 410 57 117 330 79 169 405 0 203 395 298 96 373 471 276 422 300 
431 185 348 448 312 473 307 173 365 95 203 0 82 448 181 277 191 424 345 445 
326 453 345 192 174 134 311 331 243 180 395 82 0 220 82 233 321 375 242 326 
125 60 89 399 340 119 67 244 500 409 298 448 220 0 377 489 151 264 119 455 
270 461 100 341 56 253 373 215 97 271 96 181 82 377 0 74 223 204 283 260 
130 419 478 162 250 488 409 149 327 478 373 277 233 489 74 0 198 262 296 175 
387 208 50 348 465 341 354 217 420 275 471 191 321 151 223 198 0 178 451 414 
438 348 175 307 97 163 215 403 196 192 276 424 375 264 204 262 178 0 89 379 
205 109 143 252 169 66 172 394 488 69 422 345 242 119 283 296 451 89 0 192 
343 113 254 246 467 152 228 390 477 442 300 445 326 455 260 175 414 379 192 0 

369.5 0 13
369.5 1 10
369.5 2 14
369.5 3 11
369.5 4 6
369.5 5 13
369.5 6 15
369.5 7 8
369.5 8 3
369.5 9 6
369.5 10 13
369.5 11 12
369.5 12 9
369.5 13 11
369.5 14 7
369.5 15 11
369.5 16 18
369.5 17 6
369.5 18 0
369.5 19 0

4569
0 980
1 74
2 431
3 439
4 61
5 866
6 910
7 154
8 3
9 634
10 194
11 886
12 261
13 899
14 379
15 627
16 549
17 349
18 193
19 249

20 20 4

0 297 418 241 452 267 172 475 78 324 227 272 73 119 377 392 68 462 346 318 
297 0 308 244 369 174 126 53 476 430 117 296 487 446 274 356 66 83 214 79 
418 308 0 470 383 65 193 250 341 175 327 436 470 118 360 53 492 378 109 272 
241 244 470 0 86 152 348 421 81 206 126 311 199 191 351 95 500 264 394 59 
452 369 383 86 0 435 295 465 150 467 415 324 400 182 193 181 377 214 319 401 
267 174 65 152 435 0 404 500 355 393 122 167 436 421 400 206 98 83 335 109 
172 126 193 348 295 404 0 89 272 86 480 358 91 473 374 371 399 341 72 458 
475 53 250 421 465 500 89 0 100 238 145 111 436 118 387 322 276 242 311 383 
78 476 341 81 150 355 272 100 0 495 125 267 381 399 370 338 179 371 187 256 
324 430 175 206 467 393 86 238 495 0 437 213 85 268 72 498 285 338 431 417 
227 117 327 126 415 122 480 145 125 437 0 334 370 260 493 294 145 242 294 481 
272 296 436 311 324 167 358 111 267 213 334 0 204 417 61 406 201 276 50 177 
73 487 470 199 400 436 91 436 381 85 370 204 0 299 320 152 484 196 158 149 
119 446 118 191 182 421 473 118 399 268 260 417 299 0 184 268 364 460 412 326 
377 274 360 351 193 400 374 387 370 72 493 61 320 184 0 165 472 147 462 97 
392 356 53 95 181 206 371 322 338 498 294 406 152 268 165 0 168 215 398 208 
68 66 492 500 377 98 399 276 179 285 145 201 484 364 472 168 0 477 290 219 
462 83 378 264 214 83 341 242 371 338 242 276 196 460 147 215 477 0 225 366 
346 214 109 394 319 335 72 311 187 431 294 50 158 412 462 398 290 225 0 250 
318 79 272 59 401 109 458 383 256 417 481 177 149 326 97 208 219 366 250 0 

355.25 0 15
355.25 1 9
355.25 2 0
355.25 3 1
355.25 4 11
355.25 5 17
355.25 6 7
355.25 7 6
355.25 8 12
355.25 9 4
355.25 10 0
355.25 11 5
355.25 12 8
355.25 13 6
355.25 14 13
355.25 15 3
355.25 16 11
355.25 17 4
355.25 18 13
355.25 19 15

5212
0 756
1 6
2 742
3 356
4 294
5 706
6 423
7 518
8 640
9 97
10 144
11 643
12 60
13 770
14 829
15 999
16 414
17 579
18 924
19 525

20 20 4

0 243 253 370 417 260 292 365 157 57 255 479 156 196 394 221 154 485 178 80 
243 0 83 353 60 233 202 206 430 342 444 182 399 268 487 442 100 416 129 160 
253 83 0 359 285 165 267 471 409 252 430 147 113 468 73 218 463 308 486 64 
370 353 359 0 489 353 330 185 350 292 472 334 114 89 65 416 347 400 363 174 
417 60 285 489 0 318 464 377 182 331 273 289 398 303 134 138 330 260 59 54 
260 233 165 353 318 0 357 143 443 218 393 283 150 68 294 436 479 451 315 368 
292 202 267 330 464 357 0 356 219 231 84 450 283 100 172 140 431 246 219 408 
365 206 471 185 377 143 356 0 485 446 344 346 335 307 239 384 123 143 386 358 
157 430 409 350 182 443 219 485 0 278 305 416 302 497 113 238 357 395 208 496 
57 342 252 292 331 218 231 446 278 0 54 392 60 232 236 158 170 354 468 63 
255 444 430 472 273 393 84 344 305 54 0 271 90 161 136 434 394 77 349 72 
479 182 147 334 289 283 450 346 416 392 271 0 245 87 213 252 299 146 472 278 
156 399 113 114 398 150 283 335 302 60 90 245 0 228 225 361 463 422 442 219 
196 268 468 89 303 68 100 307 497 232 161 87 228 0 422 166 313 400 195 200 
394 487 73 65 134 294 172 239 113 236 136 213 225 422 0 363 475 215 212 357 
221 442 218 416 138 436 140 384 238 158 434 252 361 166 363 0 140 75 114 204 
154 100 463 347 330 479 431 123 357 170 394 299 463 313 475 140 0 206 210 62 
485 416 308 400 260 451 246 143 395 354 77 146 422 400 215 75 206 0 111 366 
178 129 486 363 59 315 219 386 208 468 349 472 442 195 212 114 210 111 0 225 
80 160 64 174 54 368 408 358 496 63 72 278 219 200 357 204 62 366 225 0 

346.75 0 6
346.75 1 5
346.75 2 1
346.75 3 11
346.75 4 0
346.75 5 6
346.75 6 7
346.75 7 8
346.75 8 17
346.75 9 8
346.75 10 15
346.75 11 12
346.75 12 10
346.75 13 17
346.75 14 8
346.75 15 11
346.75 16 11
346.75 17 18
346.75 18 8
346.75 19 17

5092
0 63
1 406
2 835
3 525
4 420
5 781
6 287
7 939
8 670
9 558
10 544
11 312
12 153
13 933
14 709
15 530
16 748
17 398
18 287
19 86

20 20 4

0 174 412 402 258 422 302 84 325 303 385 324 360 458 490 213 302 119 306 444 
174 0 118 337 247 182 122 386 221 72 149 179 326 199 120 488 169 136 445 211 
412 118 0 476 244 289 347 332 52 128 340 470 446 473 488 84 174 356 135 99 
402 337 476 0 331 61 460 268 450 253 439 280 438 349 224 164 372 440 361 475 
258 247 244 331 0 294 345 196 132 353 315 455 78 64 387 445 157 81 409 374 
422 182 289 61 294 0 428 116 328 500 392 190 298 321 412 440 349 295 116 201 
302 122 347 460 345 428 0 457 107 141 366 490 193 332 83 136 465 75 206 336 
84 386 332 268 196 116 457 0 175 348 349 160 170 418 419 293 275 324 498 371 
325 221 52 450 132 328 107 175 0 268 484 479 145 144 357 211 138 456 405 473 
303 72 128 253 353 500 141 348 268 0 197 317 411 461 227 163 383 395 228 439 
385 149 340 439 315 392 366 349 484 197 0 424 261 143 447 124 338 155 290 52 
324 179 470 280 455 190 490 160 479 317 424 0 451 131 362 335 316 498 310 96 
360 326 446 438 78 298 193 170 145 411 261 451 0 171 371 465 85 115 327 417 
458 199 473 349 64 321 332 418 144 461 143 131 171 0 323 292 199 153 355 64 
490 120 488 224 387 412 83 419 357 227 447 362 371 323 0 185 393 182 379 491 
213 488 84 164 445 440 136 293 211 163 124 335 465 292 185 0 115 367 413 259 
302 169 174 372 157 349 465 275 138 383 338 316 85 199 393 115 0 479 210 376 
119 136 356 440 81 295 75 324 456 395 155 498 115 153 182 367 479 0 318 156 
306 445 135 361 409 116 206 498 405 228 290 310 327 355 379 413 210 318 0 81 
444 211 99 475 374 201 336 371 473 439 52 96 417 64 491 259 376 156 81 0 

390.25 0 6
390.25 1 10
390.25 2 6
390.25 3 4
390.25 4 16
390.25 5 8
390.25 6 5
390.25 7 14
390.25 8 9
390.25 9 2
390.25 10 1
390.25 11 4
390.25 12 2
390.25 13 14
390.25 14 13
390.25 15 2
390.25 16 8
390.25 17 13
390.25 18 13
390.25 19 12

5242
0 67
1 667
2 298
3 349
4 50
5 987
6 846
7 213
8 76
9 876
10 723
11 836
12 279
13 335
14 452
15 709
16 674
17 351
18 870
19 827

20 20 4

0 285 309 331 77 429 349 135 132 165 112 55 313 409 409 128 68 415 307 89 
285 0 484 432 397 367 316 209 244 187 369 146 406 261 482 235 60 120 64 116 
309 484 0 498 129 494 86 95 221 331 352 221 61 475 391 401 350 165 231 241 
331 432 498 0 183 364 59 373 123 451 149 246 350 76 288 468 500 383 394 92 
77 397 129 183 0 88 354 320 52 321 134 435 112 63 272 350 157 177 248 392 
429 367 494 364 88 0 241 374 411 466 412 171 88 401 265 368 137 239 66 76 
349 316 86 59 354 241 0 240 160 74 96 173 315 146 100 442 478 80 494 480 
135 209 95 373 320 374 240 0 434 70 427 57 136 361 384 376 128 52 72 164 
132 244 221 123 52 411 160 434 0 85 120 173 108 406 483 381 394 119 126 316 
165 187 331 451 321 466 74 70 85 0 348 291 351 449 157 98 117 129 251 93 
112 369 352 149 134 412 96 427 120 348 0 167 406 288 446 228 110 231 292 121 
55 146 221 246 435 171 173 57 173 291 167 0 183 358 70 448 50 66 207 330 
313 406 61 350 112 88 315 136 108 351 406 183 0 384 178 211 270 290 136 167 
409 261 475 76 63 401 146 361 406 449 288 358 384 0 289 177 130 358 56 134 
409 482 391 288 272 265 100 384 483 157 446 70 178 289 0 235 386 458 121 100 
128 235 401 468 350 368 442 376 381 98 228 448 211 177 235 0 265 308 413 104 
68 60 350 500 157 137 478 128 394 117 110 50 270 130 386 265 0 124 378 478 
415 120 165 383 177 239 80 52 119 129 231 66 290 358 458 308 124 0 210 55 
307 64 231 394 248 66 494 72 126 251 292 207 136 56 121 413 378 210 0 120 
89 116 241 92 392 76 480 164 316 93 121 330 167 134 100 104 478 55 120 0 

311 0 18
311 1 12
311 2 3
311 3 4
311 4 13
311 5 9
311 6 1
311 7 13
311 8 15
311 9 18
311 10 18
311 11 17
311 12 9
311 13 9
311 14 0
311 15 0
311 16 4
311 17 16
311 18 14
311 19 10

3217
0 367
1 396
2 309
3 262
4 89
5 320
6 81
7 642
8 232
9 604
10 1
11 566
12 17
13 687
14 278
15 424
16 91
17 580
18 370
19 118

20 20 4

0 300 493 129 387 247 200 346 51 407 386 129 254 232 383 162 392 370 207 258 
300 0 63 366 177 57 173 72 224 229 358 325 115 386 165 263 471 256 212 70 
493 63 0 147 331 175 449 304 297 416 349 407 355 199 247 409 335 54 447 363 
129 366 147 0 148 357 438 283 301 237 335 190 376 55 142 66 263 386 341 284 
387 177 331 148 0 436 268 274 423 327 295 326 58 58 325 201 217 407 249 85 
247 57 175 357 436 0 131 274 310 369 323 130 182 253 373 295 183 299 242 257 
200 173 449 438 268 131 0 355 136 451 172 437 452 106 346 422 87 64 76 279 
346 72 304 283 274 274 355 0 289 452 347 333 460 190 390 206 296 320 383 456 
51 224 297 301 423 310 136 289 0 226 345 259 340 332 434 59 236 64 178 108 
407 229 416 237 327 369 451 452 226 0 426 453 177 382 429 174 428 188 190 331 
386 358 349 335 295 323 172 347 345 426 0 176 345 96 399 470 230 496 415 121 
129 325 407 190 326 130 437 333 259 453 176 0 405 229 115 199 164 214 387 56 
254 115 355 376 58 182 452 460 340 177 345 405 0 414 380 213 82 351 390 110 
232 386 199 55 58 253 106 190 332 382 96 229 414 0 358 351 51 102 60 278 
383 165 247 142 325 373 346 390 434 429 399 115 380 358 0 453 494 166 256 425 
162 263 409 66 201 295 422 206 59 174 470 199 213 351 453 0 390 242 352 56 
392 471 335 263 217 183 87 296 236 428 230 164 82 51 494 390 0 72 65 325 
370 256 54 386 407 299 64 320 64 188 496 214 351 102 166 242 72 0 349 174 
207 212 447 341 249 242 76 383 178 190 415 387 390 60 256 352 65 349 0 455 
258 70 363 284 85 257 279 456 108 331 121 56 110 278 425 56 325 174 455 0 

332.25 0 1
332.25 1 2
332.25 2 10
332.25 3 17
332.25 4 14
332.25 5 3
332.25 6 0
332.25 7 8
332.25 8 10
332.25 9 15
332.25 10 14
332.25 11 15
332.25 12 2
332.25 13 2
332.25 14 10
332.25 15 10
332.25 16 7
332.25 17 7
332.25 18 9
332.25 19 4

5087
0 809
1 149
2 31
3 993
4 743
5 826
6 120
7 453
8 58
9 746
10 679
11 318
12 447
13 775
14 555
15 621
16 747
17 99
18 781
19 224

20 20 4

0 334 209 96 472 437 242 253 296 94 109 117 420 376 62 58 297 76 163 459 
334 0 455 269 482 321 415 52 385 354 218 91 198 233 271 323 375 149 120 160 
209 455 0 439 264 114 361 164 201 258 53 302 322 350 379 252 261 219 139 256 
96 269 439 0 352 483 137 390 129 64 421 385 177 188 206 141 67 374 493 468 
472 482 264 352 0 68 309 70 301 412 61 337 212 365 376 405 460 260 219 441 
437 321 114 483 68 0 55 56 155 401 312 394 233 321 140 192 173 361 189 244 
242 415 361 137 309 55 0 318 383 335 426 86 284 415 332 441 393 314 447 190 
253 52 164 390 70 56 318 0 276 476 471 173 498 160 73 299 99 59 342 144 
296 385 201 129 301 155 383 276 0 383 70 194 208 388 412 56 455 124 112 50 
94 354 258 64 412 401 335 476 383 0 296 398 373 456 216 468 173 489 117 239 
109 218 53 421 61 312 426 471 70 296 0 262 106 169 443 214 217 223 163 253 
117 91 302 385 337 394 86 173 194 398 262 0 132 479 144 374 170 204 337 346 
420 198 322 177 212 233 284 498 208 373 106 132 0 500 450 111 115 99 394 369 
376 233 350 188 365 321 415 160 388 456 169 479 500 0 440 169 67 98 374 122 
62 271 379 206 376 140 332 73 412 216 443 144 450 440 0 249 120 403 363 416 
58 323 252 141 405 192 441 299 56 468 214 374 111 169 249 0 261 346 249 458 
297 375 261 67 460 173 393 99 455 173 217 170 115 67 120 261 0 424 93 114 
76 149 219 374 260 361 314 59 124 489 223 204 99 98 403 346 424 0 236 135 
163 120 139 493 219 189 447 342 112 117 163 337 394 374 363 249 93 236 0 353 
459 160 256 468 441 244 190 144 50 239 253 346 369 122 416 458 114 135 353 0 

317.5 0 11
317.5 1 0
317.5 2 14
317.5 3 14
317.5 4 2
317.5 5 2
317.5 6 5
317.5 7 2
317.5 8 15
317.5 9 16
317.5 10 4
317.5 11 12
317.5 12 2
317.5 13 14
317.5 14 16
317.5 15 17
317.5 16 9
317.5 17 4
317.5 18 1
317.5 19 18

6150
0 493
1 250
2 556
3 135
4 517
5 845
6 538
7 629
8 928
9 607
10 808
11 939
12 599
13 869
14 357
15 19
16 770
17 563
18 973
19 905

20 20 4

0 176 401 228 144 286 328 331 383 296 245 103 482 345 161 357 415 311 133 87 
176 0 488 269 434 392 122 118 155 86 87 482 248 199 304 210 445 143 432 150 
401 488 0 110 174 325 404 385 493 415 351 182 314 444 160 273 189 283 146 439 
228 269 110 0 436 164 205 324 58 177 355 311 152 50 160 108 425 125 345 360 
144 434 174 436 0 226 149 50 56 228 242 364 375 297 256 261 312 354 318 192 
286 392 325 164 226 0 86 444 236 408 206 287 248 223 181 178 55 411 51 166 
328 122 404 205 149 86 0 258 443 68 148 59 266 482 348 258 180 334 198 338 
331 118 385 324 50 444 258 0 482 260 73 128 394 279 454 262 199 322 158 352 
383 155 493 58 56 236 443 482 0 71 275 500 458 277 201 426 354 92 351 465 
296 86 415 177 228 408 68 260 71 0 483 246 495 463 451 432 341 472 208 472 
245 87 351 355 242 206 148 73 275 483 0 70 345 167 85 243 350 272 484 89 
103 482 182 311 364 287 59 128 500 246 70 0 496 294 399 411 304 454 306 471 
482 248 314 152 375 248 266 394 458 495 345 496 0 82 216 415 376 142 141 62 
345 199 444 50 297 223 482 279 277 463 167 294 82 0 429 413 248 184 494 379 
161 304 160 160 256 181 348 454 201 451 85 399 216 429 0 78 226 238 323 158 
357 210 273 108 261 178 258 262 426 432 243 411 415 413 78 0 304 56 234 366 
415 445 189 425 312 55 180 199 354 341 350 304 376 248 226 304 0 335 483 224 
311 143 283 125 354 411 334 322 92 472 272 454 142 184 238 56 335 0 399 427 
133 432 146 345 318 51 198 158 351 208 484 306 141 494 323 234 483 399 0 367 
87 150 439 360 192 166 338 352 465 472 89 471 62 379 158 366 224 427 367 0 

330 0 7
330 1 12
330 2 13
330 3 5
330 4 1
330 5 0
330 6 14
330 7 13
330 8 17
330 9 8
330 10 18
330 11 1
330 12 4
330 13 11
330 14 16
330 15 1
330 16 6
330 17 4
330 18 6
330 19 8

4139
0 130
1 632
2 31
3 468
4 166
5 400
6 261
7 415
8 858
9 80
10 303
11 277
12 594
13 570
14 756
15 196
16 465
17 730
18 7
19 939

20 20 4

0 138 436 316 424 387 122 260 209 479 215 462 406 219 444 405 420 268 391 149 
138 0 103 449 314 441 247 320 319 243 219 97 215 148 216 344 215 211 362 457 
436 103 0 433 363 141 311 434 287 429 80 305 236 480 402 447 372 328 101 299 
316 449 433 0 350 311 96 73 54 341 477 441 90 412 441 413 343 180 409 415 
424 314 363 350 0 227 457 329 461 300 472 257 56 203 403 269 116 430 107 490 
387 441 141 311 227 0 128 110 340 316 487 330 486 418 188 95 312 373 61 298 
122 247 311 96 457 128 0 480 320 282 104 434 356 424 102 148 245 278 273 490 
260 320 434 73 329 110 480 0 409 147 232 261 495 153 118 180 461 109 126 337 
209 319 287 54 461 340 320 409 0 126 62 290 132 379 374 455 364 83 102 398 
479 243 429 341 300 316 282 147 126 0 244 481 189 472 142 65 313 500 436 346 
215 219 80 477 472 487 104 232 62 244 0 287 416 408 331 103 335 369 220 111 
462 97 305 441 257 330 434 261 290 481 287 0 57 76 116 107 457 140 209 174 
406 215 236 90 56 486 356 495 132 189 416 57 0 435 449 394 143 394 303 331 
219 148 480 412 203 418 424 153 379 472 408 76 435 0 81 281 157 357 100 452 
444 216 402 441 403 188 102 118 374 142 331 116 449 81 0 222 161 68 428 486 
405 344 447 413 269 95 148 180 455 65 103 107 394 281 222 0 174 69 464 382 
420 215 372 343 116 312 245 461 364 313 335 457 143 157 161 174 0 278 378 117 
268 211 328 180 430 373 278 109 83 500 369 140 394 357 68 69 278 0 314 299 
391 362 101 409 107 61 273 126 102 436 220 209 303 100 428 464 378 314 0 393 
149 457 299 415 490 298 490 337 398 346 111 174 331 452 486 382 117 299 393 0 

380.5 0 7
380.5 1 9
380.5 2 10
380.5 3 2
380.5 4 7
380.5 5 7
380.5 6 18
380.5 7 4
380.5 8 5
380.5 9 2
380.5 10 1
380.5 11 5
380.5 12 5
380.5 13 4
380.5 14 1
380.5 15 8
380.5 16 7
380.5 17 10
380.5 18 17
380.5 19 11

4723
0 866
1 169
2 392
3 179
4 191
5 661
6 689
7 753
8 235
9 243
10 734
11 828
12 484
13 649
14 365
15 355
16 663
17 777
18 26
19 187

20 20 4

0 423 472 96 288 282 421 415 312 61 208 427 153 264 253 383 125 378 147 88 
423 0 450 302 390 64 51 267 227 274 106 151 118 282 232 147 277 321 431 57 
472 450 0 402 469 169 449 173 455 302 432 402 319 284 334 462 338 236 371 146 
96 302 402 0 87 434 479 271 234 480 156 249 405 154 443 375 307 459 340 392 
288 390 469 87 0 252 252 287 405 67 85 413 305 460 289 362 110 389 232 101 
282 64 169 434 252 0 158 102 404 291 184 336 93 196 379 243 487 185 66 393 
421 51 449 479 252 158 0 116 487 250 471 203 195 262 302 365 302 79 335 179 
415 267 173 271 287 102 116 0 413 186 206 353 261 309 113 466 439 354 304 276 
312 227 455 234 405 404 487 413 0 224 157 240 229 330 404 409 496 94 115 235 
61 274 302 480 67 291 250 186 224 0 143 107 126 363 414 60 365 297 243 420 
208 106 432 156 85 184 471 206 157 143 0 95 420 418 368 227 99 288 450 329 
427 151 402 249 413 336 203 353 240 107 95 0 493 78 447 218 409 469 317 360 
153 118 319 405 305 93 195 261 229 126 420 493 0 275 315 96 440 343 173 230 
264 282 284 154 460 196 262 309 330 363 418 78 275 0 336 296 496 83 431 182 
253 232 334 443 289 379 302 113 404 414 368 447 315 336 0 135 223 103 402 290 
383 147 462 375 362 243 365 466 409 60 227 218 96 296 135 0 275 418 200 307 
125 277 338 307 110 487 302 439 496 365 99 409 440 496 223 275 0 311 166 473 
378 321 236 459 389 185 79 354 94 297 288 469 343 83 103 418 311 0 116 229 
147 431 371 340 232 66 335 304 115 243 450 317 173 431 402 200 166 116 0 79 
88 57 146 392 101 393 179 276 235 420 329 360 230 182 290 307 473 229 79 0 

390.75 0 18
390.75 1 5
390.75 2 9
390.75 3 13
390.75 4 8
390.75 5 14
390.75 6 7
390.75 7 17
390.75 8 9
390.75 9 2
390.75 10 11
390.75 11 6
390.75 12 13
390.75 13 15
390.75 14 5
390.75 15 0
390.75 16 0
390.75 17 18
390.75 18 2
390.75 19 3

6414
0 318
1 595
2 934
3 811
4 988
5 664
6 769
7 826
8 196
9 651
10 917
11 996
12 623
13 510
14 824
15 954
16 407
17 506
18 68
19 272

20 20 3

0 479 227 94 334 450 352 323 386 307 380 122 442 64 469 123 336 256 367 488 
479 0 67 407 420 392 174 449 228 448 440 177 346 375 451 315 161 440 147 317 
227 67 0 406 378 458 234 500 177 194 274 379 400 378 162 56 372 183 395 448 
94 407 406 0 269 300 176 478 120 184 320 61 342 150 393 179 493 385 338 147 
334 420 378 269 0 148 400 142 161 424 115 62 236 126 490 329 273 268 335 457 
450 392 458 300 148 0 226 421 401 143 380 106 79 473 321 137 471 270 195 488 
352 174 234 176 400 226 0 440 164 75 496 188 435 429 91 56 482 147 349 76 
323 449 500 478 142 421 440 0 67 381 145 132 469 328 91 429 93 403 320 343 
386 228 177 120 161 401 164 67 0 149 328 425 411 94 220 213 61 189 372 100 
307 448 194 184 424 143 75 381 149 0 251 89 84 312 383 480 279 333 450 86 
380 440 274 320 115 380 496 145 328 251 0 453 104 206 484 113 471 223 81 131 
122 177 379 61 62 106 188 132 425 89 453 0 106 105 457 491 395 387 54 205 
442 346 400 342 236 79 435 469 411 84 104 106 0 80 74 280 262 113 124 208 
64 375 378 150 126 473 429 328 94 312 206 105 80 0 452 131 183 304 208 205 
469 451 162 393 490 321 91 91 220 383 484 457 74 452 0 403 175 289 260 58 
123 315 56 179 329 137 56 429 213 480 113 491 280 131 403 0 421 155 63 103 
336 161 372 493 273 471 482 93 61 279 471 395 262 183 175 421 0 416 341 493 
256 440 183 385 268 270 147 403 189 333 223 387 113 304 289 155 416 0 351 343 
367 147 395 338 335 195 349 320 372 450 81 54 124 208 260 63 341 351 0 455 
488 317 448 147 457 488 76 343 100 86 131 205 208 205 58 103 493 343 455 0 

441.54 0 4
441.54 1 12
441.54 2 0
441.54 3 5
441.54 4 10
441.54 5 13
441.54 6 5
441.54 7 3
441.54 8 4
441.54 9 3
441.54 10 15
441.54 11 12
441.54 12 2
441.54 13 6
441.54 14 5
441.54 15 14
441.54 16 13
441.54 17 4
441.54 18 8
441.54 19 17

4841
0 690
1 265
2 952
3 841
4 315
5 329
6 601
7 114
8 606
9 557
10 870
11 856
12 168
13 62
14 32
15 388
16 50
17 160
18 855
19 971

20 20 3

0 56 171 418 426 92 243 125 354 120 457 220 112 306 395 302 274 307 281 475 
56 0 265 329 382 423 367 184 156 411 177 491 215 233 156 495 120 198 368 171 
171 265 0 176 375 343 417 220 473 194 384 455 99 142 104 83 343 448 419 224 
