40 40 3

0 418 372 131 422 72 132 458 100 327 499 156 450 405 231 430 355 389 358 357 471 483 159 222 367 141 414 394 450 483 356 185 272 205 97 189 373 94 227 417 
418 0 197 209 291 350 225 168 243 228 266 105 489 133 91 488 446 344 346 401 491 228 297 295 312 128 204 489 386 189 279 443 265 367 189 158 211 388 237 496 
372 197 0 402 242 401 336 171 71 271 126 250 70 198 168 54 406 467 136 486 50 437 247 351 490 488 482 355 262 427 316 196 329 267 364 51 246 81 476 158 
131 209 402 0 143 440 73 203 469 275 334 304 427 372 445 132 396 227 414 231 236 316 219 66 56 323 475 425 350 433 495 207 429 321 109 72 166 318 118 338 
422 291 242 143 0 218 184 264 114 77 289 156 263 68 497 148 113 442 201 486 446 274 158 122 183 418 492 295 279 74 205 194 409 460 457 118 334 229 495 261 
72 350 401 440 218 0 189 194 425 500 468 199 304 151 461 344 106 66 366 287 500 216 458 344 275 494 345 475 457 395 248 108 387 62 488 223 140 310 426 362 
132 225 336 73 184 189 0 198 306 331 229 325 427 213 150 281 148 214 120 445 308 409 470 467 230 436 322 128 411 282 275 161 296 111 176 457 414 417 182 455 
458 168 171 203 264 194 198 0 480 428 453 331 94 125 242 226 73 168 247 263 363 161 464 248 54 284 326 483 203 303 307 419 84 173 461 86 255 283 257 95 
100 243 71 469 114 425 306 480 0 195 135 264 438 257 238 362 206 379 90 384 143 116 370 304 203 61 88 205 458 107 236 365 458 361 222 417 274 151 207 288 
327 228 271 275 77 500 331 428 195 0 106 456 328 269 77 382 340 95 266 316 467 446 240 332 475 425 351 326 385 192 77 347 142 54 228 188 342 185 167 359 
499 266 126 334 289 468 229 453 135 106 0 343 299 81 455 390 468 57 455 216 453 121 202 495 355 497 243 84 488 212 120 203 444 479 262 298 72 308 422 472 
156 105 250 304 156 199 325 331 264 456 343 0 203 60 492 193 440 71 500 334 170 293 98 257 219 194 81 478 441 65 134 191 355 102 244 421 148 451 58 258 
450 489 70 427 263 304 427 94 438 328 299 203 0 131 210 138 51 390 366 95 80 437 383 50 96 407 286 151 89 283 446 187 486 302 231 428 348 114 497 465 
405 133 198 372 68 151 213 125 257 269 81 60 131 0 255 158 460 372 418 280 109 121 225 360 199 433 234 122 69 199 342 148 91 316 261 222 342 55 411 311 
231 91 168 445 497 461 150 242 238 77 455 492 210 255 0 225 149 453 144 387 362 480 322 215 392 406 92 328 475 212 367 484 338 297 298 111 62 75 128 226 
430 488 54 132 148 344 281 226 362 382 390 193 138 158 225 0 463 451 209 388 261 138 306 227 51 109 418 101 66 322 144 260 245 293 83 375 319 279 220 68 
355 446 406 396 113 106 148 73 206 340 468 440 51 460 149 463 0 73 384 194 301 327 133 79 209 408 437 361 170 218 53 450 491 103 425 55 142 459 405 318 
389 344 467 227 442 66 214 168 379 95 57 71 390 372 453 451 73 0 321 87 149 287 189 84 224 467 444 321 96 393 395 243 81 352 190 320 222 145 427 471 
358 346 136 414 201 366 120 247 90 266 455 500 366 418 144 209 384 321 0 461 206 451 372 173 496 279 324 492 101 95 312 154 349 458 241 415 248 380 470 359 
357 401 486 231 486 287 445 263 384 316 216 334 95 280 387 388 194 87 461 0 64 176 79 232 417 210 126 403 428 94 396 261 459 186 127 472 125 490 400 343 
471 491 50 236 446 500 308 363 143 467 453 170 80 109 362 261 301 149 206 64 0 461 468 339 431 165 105 238 163 439 440 139 377 452 52 94 215 119 133 329 
483 228 437 316 274 216 409 161 116 446 121 293 437 121 480 138 327 287 451 176 461 0 165 56 111 170 383 184 372 146 113 94 149 202 90 454 246 468 262 460 
159 297 247 219 158 458 470 464 370 240 202 98 383 225 322 306 133 189 372 79 468 165 0 407 338 211 484 102 175 229 91 80 245 155 259 223 120 495 348 114 
222 295 351 66 122 344 467 248 304 332 495 257 50 360 215 227 79 84 173 232 339 56 407 0 364 81 71 61 66 309 292 387 470 143 275 483 395 142 57 305 
367 312 490 56 183 275 230 54 203 475 355 219 96 199 392 51 209 224 496 417 431 111 338 364 0 100 368 260 316 224 292 336 436 426 89 286 325 300 88 494 
141 128 488 323 418 494 436 284 61 425 497 194 407 433 406 109 408 467 279 210 165 170 211 81 100 0 193 157 66 110 350 322 67 66 252 499 268 289 341 73 
414 204 482 475 492 345 322 326 88 351 243 81 286 234 92 418 437 444 324 126 105 383 484 71 368 193 0 394 325 325 222 443 412 500 232 289 138 451 319 462 
394 489 355 425 295 475 128 483 205 326 84 478 151 122 328 101 361 321 492 403 238 184 102 61 260 157 394 0 327 246 352 58 200 286 126 230 299 293 152 353 
450 386 262 350 279 457 411 203 458 385 488 441 89 69 475 66 170 96 101 428 163 372 175 66 316 66 325 327 0 126 381 381 154 457 326 128 72 242 151 233 
483 189 427 433 74 395 282 303 107 192 212 65 283 199 212 322 218 393 95 94 439 146 229 309 224 110 325 246 126 0 418 323 234 87 307 441 126 425 272 301 
356 279 316 495 205 248 275 307 236 77 120 134 446 342 367 144 53 395 312 396 440 113 91 292 292 350 222 352 381 418 0 182 332 124 237 488 295 119 476 100 
185 443 196 207 194 108 161 419 365 347 203 191 187 148 484 260 450 243 154 261 139 94 80 387 336 322 443 58 381 323 182 0 132 369 374 268 152 286 84 149 
272 265 329 429 409 387 296 84 458 142 444 355 486 91 338 245 491 81 349 459 377 149 245 470 436 67 412 200 154 234 332 132 0 405 202 305 494 312 459 52 
205 367 267 321 460 62 111 173 361 54 479 102 302 316 297 293 103 352 458 186 452 202 155 143 426 66 500 286 457 87 124 369 405 0 308 489 247 358 207 208 
97 189 364 109 457 488 176 461 222 228 262 244 231 261 298 83 425 190 241 127 52 90 259 275 89 252 232 126 326 307 237 374 202 308 0 290 268 311 152 437 
189 158 51 72 118 223 457 86 417 188 298 421 428 222 111 375 55 320 415 472 94 454 223 483 286 499 289 230 128 441 488 268 305 489 290 0 327 247 454 263 
373 211 246 166 334 140 414 255 274 342 72 148 348 342 62 319 142 222 248 125 215 246 120 395 325 268 138 299 72 126 295 152 494 247 268 327 0 167 339 276 
94 388 81 318 229 310 417 283 151 185 308 451 114 55 75 279 459 145 380 490 119 468 495 142 300 289 451 293 242 425 119 286 312 358 311 247 167 0 492 391 
227 237 476 118 495 426 182 257 207 167 422 58 497 411 128 220 405 427 470 400 133 262 348 57 88 341 319 152 151 272 476 84 459 207 152 454 339 492 0 64 
417 496 158 338 261 362 455 95 288 359 472 258 465 311 226 68 318 471 359 343 329 460 114 305 494 73 462 353 233 301 100 149 52 208 437 263 276 391 64 0 

600.75 0 2
600.75 1 14
600.75 2 12
600.75 3 22
600.75 4 8
600.75 5 28
600.75 6 14
600.75 7 37
600.75 8 30
600.75 9 28
600.75 10 38
600.75 11 5
600.75 12 23
600.75 13 35
600.75 14 17
600.75 15 32
600.75 16 30
600.75 17 37
600.75 18 34
600.75 19 5
600.75 20 35
600.75 21 30
600.75 22 30
600.75 23 38
600.75 24 1
600.75 25 2
600.75 26 19
600.75 27 8
600.75 28 35
600.75 29 27
600.75 30 36
600.75 31 26
600.75 32 2
600.75 33 38
600.75 34 37
600.75 35 38
600.75 36 16
600.75 37 1
600.75 38 25
600.75 39 8

10324
0 446
1 531
2 738
3 426
4 915
5 423
6 351
7 359
8 737
9 135
10 458
11 54
12 214
13 208
14 527
15 995
16 912
17 285
18 570
19 154
20 890
21 114
22 985
23 356
24 492
25 674
26 714
27 793
28 923
29 304
30 707
31 436
32 550
33 263
34 479
35 727
36 301
37 451
38 635
39 417

40 40 3

0 379 231 52 430 54 77 241 424 95 121 450 399 399 209 491 194 324 173 265 211 207 304 277 124 316 464 500 141 279 366 281 92 435 393 362 317 301 482 259 
379 0 473 401 76 257 231 95 159 441 415 243 132 109 70 107 478 417 391 370 62 359 350 53 345 396 72 178 208 240 249 384 196 96 105 466 50 69 450 321 
231 473 0 406 362 422 388 116 217 473 203 90 332 285 422 309 195 265 444 263 340 83 204 372 479 100 263 499 234 306 390 412 169 345 498 179 153 211 159 437 
52 401 406 0 319 289 152 279 58 163 460 62 128 414 161 296 214 327 392 174 329 398 268 297 478 255 126 331 498 370 312 171 420 276 206 180 351 494 220 337 
430 76 362 319 0 251 156 426 340 466 273 166 246 397 352 456 156 128 407 386 129 176 268 362 409 209 81 354 414 154 55 196 342 95 196 319 147 449 332 74 
54 257 422 289 251 0 171 187 189 233 309 406 298 455 314 368 62 132 119 482 182 270 241 427 70 141 306 218 362 490 466 173 293 313 173 397 260 352 408 161 
77 231 388 152 156 171 0 113 60 371 337 436 311 231 266 287 65 113 377 134 99 479 117 212 61 121 149 354 252 123 416 343 262 385 319 118 135 58 284 431 
241 95 116 279 426 187 113 0 447 388 220 175 323 56 434 125 176 203 319 378 151 144 167 263 237 490 183 116 244 67 251 111 403 175 147 84 61 316 356 159 
424 159 217 58 340 189 60 447 0 472 111 453 185 160 352 471 485 310 303 308 299 104 363 217 297 192 113 51 215 351 88 375 374 407 60 390 243 68 438 402 
95 441 473 163 466 233 371 388 472 0 404 331 490 425 100 449 206 61 412 481 443 223 294 222 272 307 110 141 177 325 433 382 143 245 232 401 222 482 146 67 
121 415 203 460 273 309 337 220 111 404 0 185 394 303 386 307 478 460 360 357 182 180 324 319 315 468 98 128 304 468 102 251 360 388 266 77 191 176 128 428 
450 243 90 62 166 406 436 175 453 331 185 0 306 379 149 477 85 493 136 485 449 265 428 371 93 307 411 357 488 272 120 183 263 207 287 415 65 299 498 102 
399 132 332 128 246 298 311 323 185 490 394 306 0 297 118 108 91 327 271 318 207 235 328 440 133 327 389 274 178 208 401 452 301 168 333 483 368 114 469 292 
399 109 285 414 397 455 231 56 160 425 303 379 297 0 208 231 334 397 316 236 258 470 428 86 241 235 88 398 395 272 80 151 217 277 287 137 460 74 388 272 
209 70 422 161 352 314 266 434 352 100 386 149 118 208 0 280 153 479 167 375 212 93 310 318 463 494 310 417 322 466 278 420 182 394 318 180 267 323 378 218 
491 107 309 296 456 368 287 125 471 449 307 477 108 231 280 0 250 471 187 261 331 314 304 263 346 330 195 322 241 92 379 229 237 71 376 116 154 156 83 282 
194 478 195 214 156 62 65 176 485 206 478 85 91 334 153 250 0 131 80 128 143 152 162 203 164 457 262 65 375 373 497 236 403 325 354 195 74 66 137 75 
324 417 265 327 128 132 113 203 310 61 460 493 327 397 479 471 131 0 444 488 193 349 404 387 184 64 116 305 427 288 321 416 98 93 266 319 376 110 319 412 
173 391 444 392 407 119 377 319 303 412 360 136 271 316 167 187 80 444 0 86 171 416 358 57 371 373 228 116 157 283 251 256 443 361 133 252 399 373 201 252 
265 370 263 174 386 482 134 378 308 481 357 485 318 236 375 261 128 488 86 0 227 401 335 233 241 90 447 325 197 248 491 437 340 241 108 80 74 102 68 308 
211 62 340 329 129 182 99 151 299 443 182 449 207 258 212 331 143 193 171 227 0 291 84 314 331 462 317 206 442 421 103 406 210 258 189 359 92 174 344 432 
207 359 83 398 176 270 479 144 104 223 180 265 235 470 93 314 152 349 416 401 291 0 329 91 407 335 57 328 169 391 449 66 459 499 430 403 286 359 166 194 
304 350 204 268 268 241 117 167 363 294 324 428 328 428 310 304 162 404 358 335 84 329 0 367 58 142 160 147 263 395 411 386 432 424 385 88 81 494 491 224 
277 53 372 297 362 427 212 263 217 222 319 371 440 86 318 263 203 387 57 233 314 91 367 0 93 125 87 384 473 362 200 316 477 139 89 293 60 235 97 298 
124 345 479 478 409 70 61 237 297 272 315 93 133 241 463 346 164 184 371 241 331 407 58 93 0 226 136 482 325 266 99 216 382 327 201 460 330 412 488 325 
316 396 100 255 209 141 121 490 192 307 468 307 327 235 494 330 457 64 373 90 462 335 142 125 226 0 407 170 91 364 272 191 122 401 302 388 113 432 263 89 
464 72 263 126 81 306 149 183 113 110 98 411 389 88 310 195 262 116 228 447 317 57 160 87 136 407 0 391 119 90 416 294 477 65 228 57 486 319 283 67 
500 178 499 331 354 218 354 116 51 141 128 357 274 398 417 322 65 305 116 325 206 328 147 384 482 170 391 0 209 90 414 339 427 210 351 469 441 465 69 175 
141 208 234 498 414 362 252 244 215 177 304 488 178 395 322 241 375 427 157 197 442 169 263 473 325 91 119 209 0 161 312 104 384 189 350 93 111 473 236 236 
279 240 306 370 154 490 123 67 351 325 468 272 208 272 466 92 373 288 283 248 421 391 395 362 266 364 90 90 161 0 457 312 289 199 57 326 347 253 210 401 
366 249 390 312 55 466 416 251 88 433 102 120 401 80 278 379 497 321 251 491 103 449 411 200 99 272 416 414 312 457 0 51 428 342 303 476 232 165 160 466 
281 384 412 171 196 173 343 111 375 382 251 183 452 151 420 229 236 416 256 437 406 66 386 316 216 191 294 339 104 312 51 0 426 123 450 405 378 273 425 445 
92 196 169 420 342 293 262 403 374 143 360 263 301 217 182 237 403 98 443 340 210 459 432 477 382 122 477 427 384 289 428 426 0 246 319 498 103 480 366 428 
435 96 345 276 95 313 385 175 407 245 388 207 168 277 394 71 325 93 361 241 258 499 424 139 327 401 65 210 189 199 342 123 246 0 56 154 91 82 269 402 
393 105 498 206 196 173 319 147 60 232 266 287 333 287 318 376 354 266 133 108 189 430 385 89 201 302 228 351 350 57 303 450 319 56 0 84 435 267 351 488 
362 466 179 180 319 397 118 84 390 401 77 415 483 137 180 116 195 319 252 80 359 403 88 293 460 388 57 469 93 326 476 405 498 154 84 0 200 428 197 452 
317 50 153 351 147 260 135 61 243 222 191 65 368 460 267 154 74 376 399 74 92 286 81 60 330 113 486 441 111 347 232 378 103 91 435 200 0 385 384 63 
301 69 211 494 449 352 58 316 68 482 176 299 114 74 323 156 66 110 373 102 174 359 494 235 412 432 319 465 473 253 165 273 480 82 267 428 385 0 134 419 
482 450 159 220 332 408 284 356 438 146 128 498 469 388 378 83 137 319 201 68 344 166 491 97 488 263 283 69 236 210 160 425 366 269 351 197 384 134 0 110 
259 321 437 337 74 161 431 159 402 67 428 102 292 272 218 282 75 412 252 308 432 194 224 298 325 89 67 175 236 401 466 445 428 402 488 452 63 419 110 0 

617.75 0 4
617.75 1 36
617.75 2 6
617.75 3 4
617.75 4 26
617.75 5 36
617.75 6 25
617.75 7 19
617.75 8 14
617.75 9 30
617.75 10 16
617.75 11 10
617.75 12 25
617.75 13 0
617.75 14 29
617.75 15 17
617.75 16 21
617.75 17 26
617.75 18 36
617.75 19 34
617.75 20 4
617.75 21 36
617.75 22 11
617.75 23 20
617.75 24 38
617.75 25 26
617.75 26 8
617.75 27 26
617.75 28 16
617.75 29 25
617.75 30 10
617.75 31 20
617.75 32 12
617.75 33 16
617.75 34 24
617.75 35 38
617.75 36 13
617.75 37 10
617.75 38 7
617.75 39 16

8874
0 279
1 267
2 875
3 190
4 334
5 955
6 307
7 834
8 112
9 393
10 364
11 872
12 135
13 712
14 37
15 788
16 402
17 885
18 695
19 858
20 808
21 600
22 900
23 513
24 17
25 625
26 480
27 151
28 197
29 14
30 449
31 130
32 99
33 329
34 331
35 306
36 652
37 244
38 175
39 435

40 40 3

0 233 486 380 81 54 278 367 183 195 308 487 462 157 343 497 69 123 123 308 290 75 165 143 293 111 295 403 414 410 275 293 277 197 262 429 245 190 295 77 
233 0 311 267 323 269 214 141 91 277 243 151 189 320 89 488 210 467 248 346 483 153 392 196 214 286 319 471 86 165 103 460 491 196 352 125 423 465 92 141 
486 311 0 453 390 75 316 256 226 323 155 187 83 63 295 287 305 414 240 265 448 449 373 333 472 56 91 388 318 275 261 409 482 406 468 490 238 453 448 281 
380 267 453 0 250 409 189 82 366 84 123 370 284 208 305 178 108 251 389 97 372 478 188 229 467 291 377 167 375 79 390 260 488 207 118 204 88 138 129 203 
81 323 390 250 0 299 239 460 76 233 382 284 223 314 83 145 456 318 96 356 354 156 50 414 192 204 406 495 439 201 84 106 303 83 372 482 226 414 494 115 
54 269 75 409 299 0 215 438 487 327 344 229 474 468 102 106 316 227 454 398 327 467 112 420 333 78 459 389 289 299 291 199 181 150 126 78 333 167 222 59 
278 214 316 189 239 215 0 177 245 303 495 302 317 349 473 398 348 355 176 194 189 384 273 373 427 200 438 436 469 404 298 50 244 313 276 454 246 368 378 374 
367 141 256 82 460 438 177 0 293 259 248 149 232 64 223 59 57 83 79 420 353 142 264 411 284 204 398 85 312 346 333 354 156 403 200 137 345 458 424 189 
183 91 226 366 76 487 245 293 0 235 435 462 232 211 342 127 288 60 58 312 279 374 410 392 427 449 222 266 490 294 401 483 370 208 333 96 449 119 183 253 
195 277 323 84 233 327 303 259 235 0 250 495 52 450 463 121 277 427 132 62 386 93 277 489 122 171 436 97 358 129 143 158 352 329 93 145 243 335 431 473 
308 243 155 123 382 344 495 248 435 250 0 100 490 408 152 114 349 147 165 238 472 81 496 58 116 377 309 251 454 157 127 447 310 50 155 452 215 451 420 351 
487 151 187 370 284 229 302 149 462 495 100 0 181 287 315 348 250 358 379 453 188 163 269 264 362 140 457 203 281 283 236 316 392 110 68 413 280 67 267 457 
462 189 83 284 223 474 317 232 232 52 490 181 0 440 279 282 136 415 318 297 193 282 226 176 487 210 135 201 330 193 251 344 403 249 191 409 93 92 279 206 
157 320 63 208 314 468 349 64 211 450 408 287 440 0 91 64 371 368 499 312 73 235 473 265 486 303 463 179 257 110 116 404 420 236 365 498 453 431 220 331 
343 89 295 305 83 102 473 223 342 463 152 315 279 91 0 255 479 319 453 200 159 241 375 83 234 374 405 138 238 64 379 138 480 392 366 371 260 255 124 154 
497 488 287 178 145 106 398 59 127 121 114 348 282 64 255 0 177 434 491 487 240 135 192 156 153 136 463 460 483 473 67 430 332 52 107 125 287 346 487 88 
69 210 305 108 456 316 348 57 288 277 349 250 136 371 479 177 0 78 413 407 135 61 112 479 133 132 95 135 408 317 337 178 97 348 340 144 242 290 393 349 
123 467 414 251 318 227 355 83 60 427 147 358 415 368 319 434 78 0 410 453 56 137 467 443 429 440 495 430 367 252 107 426 161 417 252 288 258 134 456 354 
123 248 240 389 96 454 176 79 58 132 165 379 318 499 453 491 413 410 0 440 141 438 272 383 161 204 172 178 328 211 91 487 318 476 216 274 274 349 498 52 
308 346 265 97 356 398 194 420 312 62 238 453 297 312 200 487 407 453 440 0 54 497 155 474 348 325 348 490 124 432 89 219 473 179 391 244 238 94 234 331 
290 483 448 372 354 327 189 353 279 386 472 188 193 73 159 240 135 56 141 54 0 473 254 419 312 181 125 392 452 326 269 221 332 403 211 290 304 151 274 108 
75 153 449 478 156 467 384 142 374 93 81 163 282 235 241 135 61 137 438 497 473 0 385 315 376 145 466 223 464 245 473 462 487 345 443 291 359 258 442 188 
165 392 373 188 50 112 273 264 410 277 496 269 226 473 375 192 112 467 272 155 254 385 0 202 137 428 186 240 252 55 365 398 370 460 149 487 172 222 176 192 
143 196 333 229 414 420 373 411 392 489 58 264 176 265 83 156 479 443 383 474 419 315 202 0 418 265 64 271 197 277 220 292 123 277 52 290 297 381 67 190 
293 214 472 467 192 333 427 284 427 122 116 362 487 486 234 153 133 429 161 348 312 376 137 418 0 73 376 278 356 209 234 182 168 52 67 96 305 61 250 81 
111 286 56 291 204 78 200 204 449 171 377 140 210 303 374 136 132 440 204 325 181 145 428 265 73 0 461 315 182 464 348 131 451 135 86 379 311 135 258 303 
295 319 91 377 406 459 438 398 222 436 309 457 135 463 405 463 95 495 172 348 125 466 186 64 376 461 0 443 144 181 379 346 420 368 294 435 202 112 483 427 
403 471 388 167 495 389 436 85 266 97 251 203 201 179 138 460 135 430 178 490 392 223 240 271 278 315 443 0 333 271 197 267 141 438 99 286 178 444 254 53 
414 86 318 375 439 289 469 312 490 358 454 281 330 257 238 483 408 367 328 124 452 464 252 197 356 182 144 333 0 145 235 278 436 292 393 239 280 236 185 406 
410 165 275 79 201 299 404 346 294 129 157 283 193 110 64 473 317 252 211 432 326 245 55 277 209 464 181 271 145 0 149 81 207 82 195 188 304 87 362 385 
275 103 261 390 84 291 298 333 401 143 127 236 251 116 379 67 337 107 91 89 269 473 365 220 234 348 379 197 235 149 0 123 214 356 240 199 206 102 132 354 
293 460 409 260 106 199 50 354 483 158 447 316 344 404 138 430 178 426 487 219 221 462 398 292 182 131 346 267 278 81 123 0 212 195 361 167 231 132 187 189 
277 491 482 488 303 181 244 156 370 352 310 392 403 420 480 332 97 161 318 473 332 487 370 123 168 451 420 141 436 207 214 212 0 435 498 263 226 259 404 477 
197 196 406 207 83 150 313 403 208 329 50 110 249 236 392 52 348 417 476 179 403 345 460 277 52 135 368 438 292 82 356 195 435 0 414 395 151 54 80 341 
262 352 468 118 372 126 276 200 333 93 155 68 191 365 366 107 340 252 216 391 211 443 149 52 67 86 294 99 393 195 240 361 498 414 0 78 269 221 473 343 
429 125 490 204 482 78 454 137 96 145 452 413 409 498 371 125 144 288 274 244 290 291 487 290 96 379 435 286 239 188 199 167 263 395 78 0 158 379 153 91 
245 423 238 88 226 333 246 345 449 243 215 280 93 453 260 287 242 258 274 238 304 359 172 297 305 311 202 178 280 304 206 231 226 151 269 158 0 172 459 107 
190 465 453 138 414 167 368 458 119 335 451 67 92 431 255 346 290 134 349 94 151 258 222 381 61 135 112 444 236 87 102 132 259 54 221 379 172 0 351 423 
295 92 448 129 494 222 378 424 183 431 420 267 279 220 124 487 393 456 498 234 274 442 176 67 250 258 483 254 185 362 132 187 404 80 473 153 459 351 0 230 
77 141 281 203 115 59 374 189 253 473 351 457 206 331 154 88 349 354 52 331 108 188 192 190 81 303 427 53 406 385 354 189 477 341 343 91 107 423 230 0 

616.25 0 15
616.25 1 22
616.25 2 8
616.25 3 10
616.25 4 2
616.25 5 1
616.25 6 37
616.25 7 4
616.25 8 25
616.25 9 32
616.25 10 13
616.25 11 27
616.25 12 14
616.25 13 26
616.25 14 27
616.25 15 31
616.25 16 36
616.25 17 38
616.25 18 9
616.25 19 15
616.25 20 8
616.25 21 18
616.25 22 29
616.25 23 9
616.25 24 25
616.25 25 9
616.25 26 2
616.25 27 22
616.25 28 14
616.25 29 4
616.25 30 5
616.25 31 29
616.25 32 26
616.25 33 13
616.25 34 28
616.25 35 17
616.25 36 15
616.25 37 26
616.25 38 10
616.25 39 29

10477
0 798
1 969
2 160
3 362
4 617
5 402
6 116
7 723
8 542
9 965
10 498
11 217
12 591
13 836
14 720
15 251
16 377
17 377
18 916
19 602
20 586
21 507
22 717
23 53
24 115
25 912
26 431
27 339
28 461
29 388
30 882
31 300
32 879
33 83
34 735
35 436
36 396
37 293
38 759
39 644

40 40 3

0 400 390 144 236 54 451 397 356 225 357 372 218 448 377 433 210 117 389 434 192 461 116 365 105 164 160 189 333 134 57 115 437 163 477 61 151 419 324 443 
400 0 497 337 72 429 393 252 425 499 274 134 136 166 430 227 360 215 100 455 466 146 197 71 428 297 364 69 348 326 216 373 232 419 356 184 393 198 271 95 
390 497 0 350 211 365 291 147 172 380 493 416 212 240 76 375 128 156 259 402 178 452 286 205 488 61 264 384 309 214 160 211 59 278 362 326 483 83 466 473 
144 337 350 0 255 303 334 455 255 142 147 452 304 236 237 115 139 183 166 302 171 351 347 186 141 197 490 115 246 173 334 432 368 464 249 464 423 380 418 57 
236 72 211 255 0 336 89 388 314 460 314 196 229 139 134 174 142 95 481 350 230 359 100 384 373 145 452 222 488 174 381 413 144 432 245 58 56 405 458 80 
54 429 365 303 336 0 169 383 376 140 288 340 172 364 447 491 71 353 54 178 222 265 375 178 261 151 221 494 84 229 283 298 307 273 370 374 76 195 134 147 
451 393 291 334 89 169 0 130 106 71 473 330 150 189 161 62 431 195 262 376 345 292 427 182 228 87 360 429 129 369 458 421 289 390 246 184 257 283 482 53 
397 252 147 455 388 383 130 0 358 324 418 402 250 172 221 116 89 162 338 202 469 124 132 493 119 200 455 192 309 368 109 126 220 58 375 115 425 129 154 68 
356 425 172 255 314 376 106 358 0 149 247 361 446 235 159 336 390 189 202 223 89 195 338 334 126 285 439 239 463 263 359 357 371 497 341 408 255 85 273 53 
225 499 380 142 460 140 71 324 149 0 327 205 249 273 171 376 358 277 480 183 440 420 415 455 456 281 56 136 329 448 81 279 274 423 465 338 50 143 415 491 
357 274 493 147 314 288 473 418 247 327 0 214 313 87 156 255 198 367 57 463 120 100 299 189 481 292 100 363 444 176 79 157 83 472 106 128 161 481 359 465 
372 134 416 452 196 340 330 402 361 205 214 0 427 393 281 458 267 353 93 184 296 94 191 327 262 365 297 98 154 432 62 386 463 269 84 212 404 169 486 401 
218 136 212 304 229 172 150 250 446 249 313 427 0 175 271 318 464 94 468 56 130 141 122 57 95 493 300 298 67 483 414 292 65 232 448 228 224 358 175 173 
448 166 240 236 139 364 189 172 235 273 87 393 175 0 112 234 185 308 289 107 74 435 150 447 158 226 457 57 286 326 461 70 103 487 307 294 184 440 496 352 
377 430 76 237 134 447 161 221 159 171 156 281 271 112 0 251 489 104 161 441 197 215 500 408 150 434 81 311 223 85 496 103 65 277 305 237 154 432 282 220 
433 227 375 115 174 491 62 116 336 376 255 458 318 234 251 0 75 255 389 265 382 321 94 190 87 118 81 348 322 500 239 287 58 250 391 443 195 434 407 99 
210 360 128 139 142 71 431 89 390 358 198 267 464 185 489 75 0 167 395 431 130 156 148 78 198 388 455 304 83 111 253 259 68 64 460 224 378 255 281 120 
117 215 156 183 95 353 195 162 189 277 367 353 94 308 104 255 167 0 50 422 81 267 330 452 104 414 152 111 230 258 251 306 321 236 319 317 57 263 447 486 
389 100 259 166 481 54 262 338 202 480 57 93 468 289 161 389 395 50 0 270 464 497 446 104 434 86 73 60 132 77 300 244 253 447 265 250 460 54 190 431 
434 455 402 302 350 178 376 202 223 183 463 184 56 107 441 265 431 422 270 0 489 402 67 83 231 433 387 92 137 145 461 265 490 64 431 472 313 431 183 89 
192 466 178 171 230 222 345 469 89 440 120 296 130 74 197 382 130 81 464 489 0 206 136 349 318 278 85 349 241 195 279 473 50 375 130 487 370 89 180 329 
461 146 452 351 359 265 292 124 195 420 100 94 141 435 215 321 156 267 497 402 206 0 490 384 380 186 348 222 400 367 151 473 432 265 101 404 108 281 320 353 
116 197 286 347 100 375 427 132 338 415 299 191 122 150 500 94 148 330 446 67 136 490 0 390 138 471 274 194 355 439 362 123 319 105 297 107 125 286 220 444 
365 71 205 186 384 178 182 493 334 455 189 327 57 447 408 190 78 452 104 83 349 384 390 0 458 426 205 128 283 386 145 335 335 337 464 229 120 215 269 345 
105 428 488 141 373 261 228 119 126 456 481 262 95 158 150 87 198 104 434 231 318 380 138 458 0 447 384 108 455 266 297 324 463 367 448 156 470 77 108 306 
164 297 61 197 145 151 87 200 285 281 292 365 493 226 434 118 388 414 86 433 278 186 471 426 447 0 207 437 76 293 247 126 395 384 136 393 327 195 382 81 
160 364 264 490 452 221 360 455 439 56 100 297 300 457 81 81 455 152 73 387 85 348 274 205 384 207 0 426 183 168 117 81 122 397 486 313 70 234 263 83 
189 69 384 115 222 494 429 192 239 136 363 98 298 57 311 348 304 111 60 92 349 222 194 128 108 437 426 0 82 428 89 392 354 133 252 495 355 180 137 382 
333 348 309 246 488 84 129 309 463 329 444 154 67 286 223 322 83 230 132 137 241 400 355 283 455 76 183 82 0 319 365 165 267 316 336 412 419 87 423 127 
134 326 214 173 174 229 369 368 263 448 176 432 483 326 85 500 111 258 77 145 195 367 439 386 266 293 168 428 319 0 495 153 432 305 378 252 297 383 405 356 
57 216 160 334 381 283 458 109 359 81 79 62 414 461 496 239 253 251 300 461 279 151 362 145 297 247 117 89 365 495 0 142 202 493 182 244 203 289 66 440 
115 373 211 432 413 298 421 126 357 279 157 386 292 70 103 287 259 306 244 265 473 473 123 335 324 126 81 392 165 153 142 0 203 185 312 179 69 456 246 69 
437 232 59 368 144 307 289 220 371 274 83 463 65 103 65 58 68 321 253 490 50 432 319 335 463 395 122 354 267 432 202 203 0 223 233 386 396 287 382 157 
163 419 278 464 432 273 390 58 497 423 472 269 232 487 277 250 64 236 447 64 375 265 105 337 367 384 397 133 316 305 493 185 223 0 250 69 392 322 482 412 
477 356 362 249 245 370 246 375 341 465 106 84 448 307 305 391 460 319 265 431 130 101 297 464 448 136 486 252 336 378 182 312 233 250 0 349 442 335 370 284 
61 184 326 464 58 374 184 115 408 338 128 212 228 294 237 443 224 317 250 472 487 404 107 229 156 393 313 495 412 252 244 179 386 69 349 0 159 192 339 394 
151 393 483 423 56 76 257 425 255 50 161 404 224 184 154 195 378 57 460 313 370 108 125 120 470 327 70 355 419 297 203 69 396 392 442 159 0 223 323 58 
419 198 83 380 405 195 283 129 85 143 481 169 358 440 432 434 255 263 54 431 89 281 286 215 77 195 234 180 87 383 289 456 287 322 335 192 223 0 351 287 
324 271 466 418 458 134 482 154 273 415 359 486 175 496 282 407 281 447 190 183 180 320 220 269 108 382 263 137 423 405 66 246 382 482 370 339 323 351 0 413 
443 95 473 57 80 147 53 68 53 491 465 401 173 352 220 99 120 486 431 89 329 353 444 345 306 81 83 382 127 356 440 69 157 412 284 394 58 287 413 0 

598 0 30
598 1 24
598 2 33
598 3 37
598 4 12
598 5 24
598 6 28
598 7 37
598 8 5
598 9 26
598 10 37
598 11 32
598 12 11
598 13 30
598 14 16
598 15 3
598 16 26
598 17 25
598 18 36
598 19 35
598 20 0
598 21 0
598 22 32
598 23 4
598 24 12
598 25 9
598 26 28
598 27 38
598 28 20
598 29 17
598 30 37
598 31 11
598 32 2
598 33 32
598 34 9
598 35 3
598 36 17
598 37 27
598 38 2
598 39 11

10297
0 808
1 129
2 194
3 796
4 881
5 945
6 887
7 73
8 945
9 966
10 250
11 417
12 247
13 324
14 80
15 334
16 65
17 196
18 311
19 408
20 219
21 283
22 892
23 421
24 270
25 743
26 207
27 703
28 933
29 365
30 181
31 694
32 70
33 851
34 739
35 957
36 471
37 708
38 680
39 951

40 40 3

0 251 372 73 397 229 346 195 92 392 330 281 157 376 474 352 209 360 377 92 288 319 380 325 322 319 84 252 387 77 404 328 485 117 156 290 451 94 151 487 
251 0 412 274 189 405 268 417 109 176 458 203 327 241 343 141 77 195 119 411 95 495 263 169 80 83 357 229 417 203 417 326 463 426 173 99 252 166 126 179 
372 412 0 156 345 271 309 172 412 99 373 88 151 88 424 322 70 75 196 456 276 399 352 172 393 241 133 371 357 265 387 71 95 282 171 314 88 239 217 200 
73 274 156 0 303 415 314 159 294 236 345 289 207 84 220 169 52 479 324 376 57 423 260 138 489 433 404 496 244 414 106 421 405 374 426 283 137 291 306 154 
397 189 345 303 0 240 129 128 431 185 271 246 62 369 278 468 451 369 106 256 470 362 162 485 366 268 149 128 375 119 388 138 100 380 272 122 80 373 157 240 
229 405 271 415 240 0 127 288 79 485 209 354 493 211 399 269 241 51 251 385 88 108 444 460 336 441 140 405 85 121 56 410 455 320 493 273 314 299 170 323 
346 268 309 314 129 127 0 301 73 140 422 407 191 366 328 414 487 392 98 245 331 352 103 462 50 388 222 108 114 365 382 427 88 149 494 396 248 389 281 386 
195 417 172 159 128 288 301 0 411 162 172 246 153 376 104 258 349 333 354 272 354 375 395 267 237 296 389 418 371 444 460 470 276 165 316 187 365 163 154 156 
92 109 412 294 431 79 73 411 0 155 125 491 154 442 500 138 275 346 305 86 418 299 281 58 160 227 331 308 370 363 371 125 79 362 460 329 491 406 53 461 
392 176 99 236 185 485 140 162 155 0 301 436 53 69 241 124 91 223 270 415 261 93 167 97 377 488 361 207 225 185 81 298 336 338 163 276 257 205 272 368 
330 458 373 345 271 209 422 172 125 301 0 476 189 170 324 124 104 163 425 334 263 138 214 237 116 492 156 264 185 70 78 257 483 261 115 405 354 325 168 51 
281 203 88 289 246 354 407 246 491 436 476 0 111 230 248 220 466 65 313 153 481 86 482 116 455 92 479 236 494 439 56 153 389 170 349 334 148 247 111 253 
157 327 151 207 62 493 191 153 154 53 189 111 0 472 382 273 365 202 323 160 304 138 65 64 361 323 249 95 483 361 309 60 102 299 174 470 291 269 173 497 
376 241 88 84 369 211 366 376 442 69 170 230 472 0 183 350 302 463 178 210 174 364 136 349 282 492 159 301 99 206 468 65 255 390 268 303 157 291 75 453 
474 343 424 220 278 399 328 104 500 241 324 248 382 183 0 341 103 356 379 223 192 301 343 267 172 487 205 97 257 432 367 327 423 61 299 490 109 177 416 239 
352 141 322 169 468 269 414 258 138 124 124 220 273 350 341 0 498 361 224 307 386 314 331 117 128 190 236 409 426 99 221 133 392 447 244 158 211 285 187 140 
209 77 70 52 451 241 487 349 275 91 104 466 365 302 103 498 0 246 410 484 136 159 194 243 497 368 150 279 144 255 155 443 197 451 399 84 341 63 482 134 
360 195 75 479 369 51 392 333 346 223 163 65 202 463 356 361 246 0 357 486 76 338 217 498 220 309 455 296 264 395 172 433 111 364 205 97 114 352 396 500 
377 119 196 324 106 251 98 354 305 270 425 313 323 178 379 224 410 357 0 264 130 167 129 234 315 351 58 67 229 475 182 255 353 425 433 462 260 195 86 413 
92 411 456 376 256 385 245 272 86 415 334 153 160 210 223 307 484 486 264 0 114 283 237 163 113 229 348 191 259 105 50 124 479 200 75 214 431 201 423 357 
288 95 276 57 470 88 331 354 418 261 263 481 304 174 192 386 136 76 130 114 0 98 306 479 234 90 197 482 494 159 147 433 250 482 108 478 65 148 452 322 
319 495 399 423 362 108 352 375 299 93 138 86 138 364 301 314 159 338 167 283 98 0 372 250 370 474 198 167 475 203 237 108 412 177 353 299 66 308 487 240 
380 263 352 260 162 444 103 395 281 167 214 482 65 136 343 331 194 217 129 237 306 372 0 249 86 63 216 352 483 71 159 68 497 197 180 98 225 250 144 91 
325 169 172 138 485 460 462 267 58 97 237 116 64 349 267 117 243 498 234 163 479 250 249 0 301 87 212 246 391 152 56 298 498 421 430 383 204 481 426 405 
322 80 393 489 366 336 50 237 160 377 116 455 361 282 172 128 497 220 315 113 234 370 86 301 0 400 256 221 212 384 465 322 233 155 131 245 188 400 103 168 
319 83 241 433 268 441 388 296 227 488 492 92 323 492 487 190 368 309 351 229 90 474 63 87 400 0 151 255 356 53 468 483 479 165 178 100 297 442 115 109 
84 357 133 404 149 140 222 389 331 361 156 479 249 159 205 236 150 455 58 348 197 198 216 212 256 151 0 151 449 249 147 265 262 278 406 88 163 105 65 205 
252 229 371 496 128 405 108 418 308 207 264 236 95 301 97 409 279 296 67 191 482 167 352 246 221 255 151 0 164 302 469 419 358 291 447 188 342 243 116 108 
387 417 357 244 375 85 114 371 370 225 185 494 483 99 257 426 144 264 229 259 494 475 483 391 212 356 449 164 0 360 216 451 186 477 52 415 175 221 121 442 
77 203 265 414 119 121 365 444 363 185 70 439 361 206 432 99 255 395 475 105 159 203 71 152 384 53 249 302 360 0 399 187 155 159 205 122 386 475 235 331 
404 417 387 106 388 56 382 460 371 81 78 56 309 468 367 221 155 172 182 50 147 237 159 56 465 468 147 469 216 399 0 317 381 168 237 253 486 117 377 486 
328 326 71 421 138 410 427 470 125 298 257 153 60 65 327 133 443 433 255 124 433 108 68 298 322 483 265 419 451 187 317 0 170 93 158 204 125 265 429 428 
485 463 95 405 100 455 88 276 79 336 483 389 102 255 423 392 197 111 353 479 250 412 497 498 233 479 262 358 186 155 381 170 0 291 328 379 137 140 68 461 
117 426 282 374 380 320 149 165 362 338 261 170 299 390 61 447 451 364 425 200 482 177 197 421 155 165 278 291 477 159 168 93 291 0 114 273 73 306 300 185 
156 173 171 426 272 493 494 316 460 163 115 349 174 268 299 244 399 205 433 75 108 353 180 430 131 178 406 447 52 205 237 158 328 114 0 437 212 55 441 288 
290 99 314 283 122 273 396 187 329 276 405 334 470 303 490 158 84 97 462 214 478 299 98 383 245 100 88 188 415 122 253 204 379 273 437 0 375 464 175 200 
451 252 88 137 80 314 248 365 491 257 354 148 291 157 109 211 341 114 260 431 65 66 225 204 188 297 163 342 175 386 486 125 137 73 212 375 0 311 420 215 
94 166 239 291 373 299 389 163 406 205 325 247 269 291 177 285 63 352 195 201 148 308 250 481 400 442 105 243 221 475 117 265 140 306 55 464 311 0 221 173 
151 126 217 306 157 170 281 154 53 272 168 111 173 75 416 187 482 396 86 423 452 487 144 426 103 115 65 116 121 235 377 429 68 300 441 175 420 221 0 62 
487 179 200 154 240 323 386 156 461 368 51 253 497 453 239 140 134 500 413 357 322 240 91 405 168 109 205 108 442 331 486 428 461 185 288 200 215 173 62 0 

620.25 0 8
620.25 1 24
620.25 2 28
620.25 3 34
620.25 4 34
620.25 5 31
620.25 6 31
620.25 7 9
620.25 8 19
620.25 9 15
620.25 10 29
620.25 11 7
620.25 12 9
620.25 13 14
620.25 14 21
620.25 15 25
620.25 16 9
620.25 17 1
620.25 18 0
620.25 19 35
620.25 20 12
620.25 21 27
620.25 22 36
620.25 23 13
620.25 24 3
620.25 25 17
620.25 26 15
620.25 27 24
620.25 28 0
620.25 29 3
620.25 30 15
620.25 31 36
620.25 32 17
620.25 33 32
620.25 34 32
620.25 35 1
620.25 36 24
620.25 37 24
620.25 38 10
620.25 39 4

9627
0 503
1 208
2 424
3 374
4 422
5 291
6 198
7 949
8 554
9 567
10 661
11 52
12 392
13 154
14 675
15 386
16 330
17 136
18 586
19 703
20 965
21 427
22 929
23 998
24 372
25 706
26 499
27 20
28 263
29 539
30 111
31 158
32 882
33 428
34 553
35 908
36 570
37 782
38 266
39 313

40 40 3

0 398 73 211 172 62 69 329 345 316 472 358 471 391 422 425 51 78 93 444 434 262 231 201 296 253 71 254 230 291 486 85 199 74 170 64 197 201 169 305 
398 0 117 422 439 289 281 395 438 281 200 85 287 101 451 60 469 339 154 275 222 64 379 137 386 210 488 216 421 276 251 197 464 305 64 272 106 171 335 395 
73 117 0 236 414 199 94 93 62 76 111 315 180 147 319 313 145 171 302 144 385 163 400 297 229 79 455 329 154 372 313 235 193 100 240 180 378 274 151 103 
211 422 236 0 496 329 89 132 449 229 272 173 253 105 96 332 452 361 198 66 106 420 380 284 366 229 428 493 259 227 468 348 254 359 224 473 206 389 291 151 
172 439 414 496 0 298 397 477 217 483 240 136 222 494 422 158 494 203 233 287 68 493 247 286 81 400 70 490 381 403 122 164 334 463 154 298 281 231 62 186 
62 289 199 329 298 0 220 367 130 296 459 459 163 372 218 365 399 242 220 146 388 372 84 243 314 217 185 106 320 476 490 308 207 348 384 463 257 305 329 152 
69 281 94 89 397 220 0 316 159 224 442 185 499 408 66 429 373 496 320 173 58 437 109 260 155 216 388 481 87 436 371 94 298 384 458 186 384 394 270 54 
329 395 93 132 477 367 316 0 138 181 275 84 396 442 209 213 212 367 472 61 430 64 211 147 146 195 437 445 129 283 97 241 75 194 320 58 447 304 395 108 
345 438 62 449 217 130 159 138 0 124 353 175 50 229 105 114 171 306 193 298 420 486 136 194 465 102 421 240 310 51 182 111 476 77 126 225 238 201 235 465 
316 281 76 229 483 296 224 181 124 0 242 265 330 199 270 57 288 52 417 464 55 187 263 441 449 395 116 257 143 229 360 226 474 216 214 380 354 172 219 378 
472 200 111 272 240 459 442 275 353 242 0 193 123 463 381 328 474 401 347 460 462 464 179 233 149 267 337 336 316 119 306 101 126 486 261 228 80 227 347 133 
358 85 315 173 136 459 185 84 175 265 193 0 201 108 425 262 147 274 297 451 67 419 357 300 456 133 137 127 461 67 361 367 342 256 263 215 55 472 292 375 
471 287 180 253 222 163 499 396 50 330 123 201 0 285 475 443 169 446 452 271 205 115 376 320 235 208 282 194 333 78 429 293 473 234 488 275 122 480 343 493 
391 101 147 105 494 372 408 442 229 199 463 108 285 0 484 233 398 133 205 259 443 348 305 430 98 372 238 463 73 385 323 236 312 431 219 471 397 383 197 342 
422 451 319 96 422 218 66 209 105 270 381 425 475 484 0 224 329 449 325 311 161 232 105 335 215 437 396 193 52 478 146 190 238 324 491 378 72 406 216 135 
425 60 313 332 158 365 429 213 114 57 328 262 443 233 224 0 359 203 291 72 429 133 455 136 88 380 383 237 167 118 314 389 118 459 188 110 217 242 156 380 
51 469 145 452 494 399 373 212 171 288 474 147 169 398 329 359 0 101 82 408 230 443 242 347 242 77 456 306 424 164 57 500 68 278 293 62 321 246 373 73 
78 339 171 361 203 242 496 367 306 52 401 274 446 133 449 203 101 0 392 251 465 240 120 177 362 292 479 181 465 236 214 197 141 201 213 366 150 351 74 61 
93 154 302 198 233 220 320 472 193 417 347 297 452 205 325 291 82 392 0 242 101 269 440 349 271 335 90 425 310 235 184 309 377 367 336 67 205 174 410 397 
444 275 144 66 287 146 173 61 298 464 460 451 271 259 311 72 408 251 242 0 448 362 135 476 493 262 83 201 160 87 243 391 409 222 92 389 228 351 409 349 
434 222 385 106 68 388 58 430 420 55 462 67 205 443 161 429 230 465 101 448 0 245 83 484 388 341 171 63 477 407 399 146 238 442 282 218 263 424 259 377 
262 64 163 420 493 372 437 64 486 187 464 419 115 348 232 133 443 240 269 362 245 0 115 432 407 256 176 380 198 251 222 414 291 300 250 128 157 314 54 395 
231 379 400 380 247 84 109 211 136 263 179 357 376 305 105 455 242 120 440 135 83 115 0 281 83 300 110 386 84 197 357 112 227 119 169 489 446 470 388 450 
201 137 297 284 286 243 260 147 194 441 233 300 320 430 335 136 347 177 349 476 484 432 281 0 230 289 414 311 177 383 356 453 397 208 352 408 225 152 476 400 
296 386 229 366 81 314 155 146 465 449 149 456 235 98 215 88 242 362 271 493 388 407 83 230 0 117 461 170 418 399 125 270 60 127 111 407 155 97 220 62 
253 210 79 229 400 217 216 195 102 395 267 133 208 372 437 380 77 292 335 262 341 256 300 289 117 0 322 57 171 439 239 394 120 120 394 452 123 85 67 141 
71 488 455 428 70 185 388 437 421 116 337 137 282 238 396 383 456 479 90 83 171 176 110 414 461 322 0 437 269 266 255 399 295 155 484 60 190 479 119 281 
254 216 329 493 490 106 481 445 240 257 336 127 194 463 193 237 306 181 425 201 63 380 386 311 170 57 437 0 228 317 270 231 241 67 328 463 168 388 366 421 
230 421 154 259 381 320 87 129 310 143 316 461 333 73 52 167 424 465 310 160 477 198 84 177 418 171 269 228 0 316 212 164 441 182 464 292 473 273 292 51 
291 276 372 227 403 476 436 283 51 229 119 67 78 385 478 118 164 236 235 87 407 251 197 383 399 439 266 317 316 0 278 110 111 267 397 178 284 266 150 234 
486 251 313 468 122 490 371 97 182 360 306 361 429 323 146 314 57 214 184 243 399 222 357 356 125 239 255 270 212 278 0 459 406 364 350 258 360 216 317 305 
85 197 235 348 164 308 94 241 111 226 101 367 293 236 190 389 500 197 309 391 146 414 112 453 270 394 399 231 164 110 459 0 347 206 134 63 376 180 411 306 
199 464 193 254 334 207 298 75 476 474 126 342 473 312 238 118 68 141 377 409 238 291 227 397 60 120 295 241 441 111 406 347 0 71 167 400 341 144 436 335 
74 305 100 359 463 348 384 194 77 216 486 256 234 431 324 459 278 201 367 222 442 300 119 208 127 120 155 67 182 267 364 206 71 0 296 144 237 440 174 115 
